171.016800
391.792700
667.461800
119.836100
63.192910
87.072040
472.313100
752.519700
179.715400
72.673390
194.733000
301.415600
390.732200
2456.884000
584.357500
69.684560
338.923900
1261.806000
154.754100
200.594800
71.667500
241.465600
3611.351000
256.652500
171.761300
300.114600
263.527300
108.613100
249.665300
861.381700
67.918360
175.917600
114.197200
217.950000
80.259930
3783.321000
171.761300
149.544100
347.979200
233.234500
489.745900
90.063420
329.589800
90.573230
101.047300
13.528020
153.417100
566.092300
1049.711000
370.648500
113.541200
87.072040
296.180500
307.188500
137.698000
179.715400
1565.474000
26.375510
137.802800
85.964580
308.415900
68.838100
59.283570
153.544700
100.423100
198.708000
76.793010
1532.793000
42.666780
1182.131000
189.725900
28.328920
722.284300
1821.477000
43.964730
202.599300
142.578600
194.168800
209.350500
414.806900
477.978300
457.829600
342.398800
1526.150000
896.515800
445.099200
95.954760
188.745900
267.536200
153.417100
316.501800
436.597000
463.677100
149.988500
90.063420
642.012800
95.954760
82.170810
113.541200
53.718320
108.043000
16.769000
87.899100
83.139470
597.979100
72.673390
405.671400
367.085700
54.120010
199.671000
626.077600
186.905600
267.536200
530.246900
1089.956000
267.536200
1684.892000
53.469460
145.284900
342.398800
12.235600
77.315790
382.009300
64.543970
472.313100
12.235600
108.224300
2980.232000
183.213800
890.052500
79.161580
704.861900
60.743530
81.871870
347.773800
98.073910
2541.313000
176.568600
153.417100
171.016800
239.827100
42.769590
72.207310
26.375510
1089.956000
443.892300
49.990280
114.493300
141.078500
998.671100
541.097500
28.328920
185.796100
546.175300
516.198800
752.519700
239.490700
188.745900
241.131400
66.997770
3611.351000
2456.884000
114.493300
1203.962000
1526.150000
393.159100
443.892300
202.467100
988.322000
193.357600
58.739640
648.693200
598.362400
76.793010
4100.756000
597.749600
53.990910
890.052500
1232.473000
108.613100
354.864600
97.512570
297.861800
171.842600
265.485500
389.585100
51.847050
77.315790
673.638700
121.007900
299.536500
773.663900
76.540590
160.509700
74.281330
87.072040
128.295100
233.234500
100.423100
282.846700
217.950000
205.755800
108.613100
340.372700
143.789500
154.181500
152.369200
530.246900
92.293540
42.666780
162.458900
59.691670
44.349530
10839.550000
2695.716000
67.132710
304.044800
131.939300
228.329600
95.042590
401.137900
347.979200
119.286100
403.578700
178.504500
58.499050
200.695800
191.898200
13.568220
5092.729000
296.180500
67.918360
306.668400
1035.198000
26.222580
83.139470
323.480700
72.234820
324.882200
1328.113000
2386.350000
100.460500
133.586600
168.198500
186.769700
39.493940
192.232700
37.720760
195.186300
313.836900
171.825600
96.866930
722.284300
655.924100
476.731500
826.212400
169.031500
145.896500
39.541870
257.942300
626.077600
187.575500
1036.198000
49.990280
33.858950
52.225110
153.417100
202.650800
1645.025000
342.398800
47.246260
355.418700
191.898200
6709.836000
293.157000
66.997770
62.314260
176.568600
76.313810
128.295100
474.462700
171.016800
232.119400
228.572200
509.754200
1491.357000
340.372700
131.418800
400.605500
53.469460
183.586400
77.745800
72.566100
199.671000
256.652500
301.415600
172.557900
169.031500
150.236600
495.517500
83.139470
217.710100
147.962100
31.405220
145.896500
1684.892000
149.544100
188.747900
34.285880
389.818900
101.284600
161.374900
86.771110
145.284900
204.347500
124.815700
1852.240000
582.016800
120.897300
1684.892000
144.028900
193.577800
145.350000
255.837200
340.026900
214.011100
349.203700
159.344000
234.596400
246.388900
134.797400
552.037200
258.236000
54.939850
179.715400
111.091000
921.334800
95.042590
450.089300
884.008200
108.043000
940.953400
204.046800
75.428670
405.671400
247.787400
23.253780
188.697100
232.002600
131.939300
552.271600
24.818280
141.515000
232.119400
230.549700
183.229500
95.954760
544.470100
188.122800
151.726800
129.025100
476.731500
227.059000
184.956100
132.663100
482.150800
83.139470
302.054600
248.860400
50.341490
302.054600
141.515000
156.214800
92.139020
598.638700
1036.198000
496.588200
174.252400
3611.351000
264.235100
241.465600
998.671100
87.212620
699.576400
177.301800
100.423100
141.297900
157.729000
378.568500
202.467100
128.921200
563.538100
482.150800
58.739640
92.293540
136.939700
225.083700
166.924900
248.751200
67.132710
81.871870
283.847300
119.836100
288.706300
261.926000
2152.666000
67.801810
180.849600
290.821800
83.139470
40.045170
340.026900
141.078500
256.652500
234.596400
383.576800
145.284900
425.860400
68.838100
244.107300
117.639600
552.037200
230.549700
124.237700
47.820980
1308.934000
688.393900
491.772300
1240.544000
104.724500
1532.793000
264.153700
241.131400
102.222000
32.130260
541.097500
91.526920
92.006060
378.266800
3611.351000
303.928000
227.059000
576.931300
149.544100
642.012800
597.749600
406.526100
342.398800
2029.799000
176.568600
1585.591000
43.964730
122.271700
87.212620
1390.258000
74.368350
111.091000
406.526100
141.078500
111.645900
218.917300
1315.378000
837.234700
62.101220
81.739030
278.911900
482.150800
264.235100
225.083700
117.482300
1144.409000
162.458900
1715.170000
336.524300
752.519700
123.048100
280.721200
55.957250
200.695800
158.888100
252.104700
1715.170000
296.180500
152.342800
167.492400
268.541900
282.846700
257.942300
175.502000
90.970410
81.589280
292.587600
264.326100
274.490000
162.808300
85.389410
740.476400
597.749600
379.959400
162.458900
