Photospheric1 results, Ver = 3.30 

Compilation Date = Dec 17 2014 
Compilation Time = 10:52:19 

physical parameters: 
====================

L_GRB = 1.000e+51  Tau = 1.000e+01
epsilon_e = 9.000e-01   epsilon_B = 1.000e-06 
power_law = 2.00e+00 Gamma_i = 1.000e+02 delta_t = 1.943e-03

 epsilon_d = 1.000e-01   epsilon_pl = 0.000e+00  E_m_acc = 0.000000e+00 
T0 = 5.970e-10 [erg], L_0 = 1.357e+50 [erg/s] 

collision radius = 1.166e+11 [cm] volume = 9.960e+32 [cm^3]
N_shell = 1.291e+49, number of particles within the colliding shell 
B = 7.003e+03 

Electrons minimum gb = 1.000e-03 , maximum gb(gamma*beta) = 1.220e+06 
# of electrons cells = 300 
in gb[j] = gb0*x^j , x= 1.0725e+00 

Photons minimum energy = 1.000e-14 [erg], maximum energy = 1.000e+00 [erg]
# of photon cells = 100 
in E[j] = E0*x^j , x= 1.3849e+00 

do_pairs =   1 do_annihilate =   1 do_compton =   1  

t_dyn = 3.887e-02 time_step = 3.887e-05 dt_min = 3.887e-09

Initial thermal component: 

Energy   dN_thermal 
-------------------------------
1.000e-14  2.694e+45 
1.385e-14  5.166e+45 
1.918e-14  9.908e+45 
2.656e-14  1.900e+46 
3.678e-14  3.645e+46 
5.094e-14  6.990e+46 
7.055e-14  1.341e+47 
9.770e-14  2.571e+47 
1.353e-13  4.931e+47 
1.874e-13  9.456e+47 
2.595e-13  1.813e+48 
3.594e-13  3.478e+48 
4.977e-13  6.669e+48 
6.893e-13  1.279e+49 
9.545e-13  2.452e+49 
1.322e-12  4.701e+49 
1.831e-12  9.011e+49 
2.535e-12  1.727e+50 
3.511e-12  3.309e+50 
4.863e-12  6.338e+50 
6.734e-12  1.213e+51 
9.326e-12  2.321e+51 
1.292e-11  4.435e+51 
1.789e-11  8.462e+51 
2.477e-11  1.612e+52 
3.430e-11  3.061e+52 
4.751e-11  5.791e+52 
6.579e-11  1.090e+53 
9.112e-11  2.036e+53 
1.262e-10  3.764e+53 
1.748e-10  6.855e+53 
2.420e-10  1.222e+54 
3.352e-10  2.114e+54 
4.642e-10  3.497e+54 
6.428e-10  5.419e+54 
8.902e-10  7.616e+54 
1.233e-09  9.245e+54 
1.707e-09  9.015e+54 
2.364e-09  6.370e+54 
3.275e-09  2.844e+54 
4.535e-09  6.744e+53 
6.280e-09  6.807e+52 
8.697e-09  2.181e+51 
1.205e-08  1.471e+49 
1.668e-08  1.162e+46 
2.310e-08  4.698e+41 
3.199e-08  3.073e+35 
4.431e-08  6.609e+26 
6.136e-08  5.155e+14 
8.498e-08  6.889e-03 
1.177e-07  2.301e-26 
1.630e-07  5.510e-59 
2.257e-07  2.844e-104 
3.126e-07  4.189e-167 
4.329e-07  0.000e+00 
5.995e-07  0.000e+00 
8.302e-07  0.000e+00 
1.150e-06  0.000e+00 
1.592e-06  0.000e+00 
2.205e-06  0.000e+00 
3.054e-06  0.000e+00 
4.229e-06  0.000e+00 
5.857e-06  0.000e+00 
8.111e-06  0.000e+00 
1.123e-05  0.000e+00 
1.556e-05  0.000e+00 
2.154e-05  0.000e+00 
2.984e-05  0.000e+00 
4.132e-05  0.000e+00 
5.722e-05  0.000e+00 
7.925e-05  0.000e+00 
1.097e-04  0.000e+00 
1.520e-04  0.000e+00 
2.105e-04  0.000e+00 
2.915e-04  0.000e+00 
4.037e-04  0.000e+00 
5.591e-04  0.000e+00 
7.743e-04  0.000e+00 
1.072e-03  0.000e+00 
1.485e-03  0.000e+00 
2.057e-03  0.000e+00 
2.848e-03  0.000e+00 
3.944e-03  0.000e+00 
5.462e-03  0.000e+00 
7.565e-03  0.000e+00 
1.048e-02  0.000e+00 
1.451e-02  0.000e+00 
2.009e-02  0.000e+00 
2.783e-02  0.000e+00 
3.854e-02  0.000e+00 
5.337e-02  0.000e+00 
7.391e-02  0.000e+00 
1.024e-01  0.000e+00 
1.417e-01  0.000e+00 
1.963e-01  0.000e+00 
2.719e-01  0.000e+00 
3.765e-01  0.000e+00 
5.214e-01  0.000e+00 
7.221e-01  0.000e+00 

Final spectrum
photons: E_g     N_g     dNg_dt 
-------------------------------------
1.385e-14 2.061e+47 2.215e+53 
1.918e-14 5.752e+47 1.196e+53 
2.656e-14 1.464e+48 7.718e+52 
3.678e-14 3.581e+48 5.382e+52 
5.094e-14 8.564e+48 4.108e+52 
7.055e-14 2.049e+49 3.228e+52 
9.770e-14 4.800e+49 2.570e+52 
1.353e-13 9.714e+49 1.920e+52 
1.874e-13 1.555e+50 1.303e+52 
2.595e-13 2.022e+50 8.990e+51 
3.594e-13 2.263e+50 7.053e+51 
4.977e-13 2.289e+50 6.121e+51 
6.893e-13 2.165e+50 5.521e+51 
9.545e-13 1.960e+50 4.986e+51 
1.322e-12 1.729e+50 4.483e+51 
1.831e-12 1.518e+50 4.075e+51 
2.535e-12 1.370e+50 3.876e+51 
3.511e-12 1.340e+50 4.067e+51 
4.863e-12 1.514e+50 4.936e+51 
6.734e-12 2.040e+50 6.964e+51 
9.326e-12 3.184e+50 1.089e+52 
1.292e-11 5.445e+50 1.826e+52 
1.789e-11 9.633e+50 3.097e+52 
2.477e-11 1.719e+51 5.250e+52 
3.430e-11 3.054e+51 8.721e+52 
4.751e-11 5.366e+51 1.412e+53 
6.579e-11 9.279e+51 2.214e+53 
9.112e-11 1.575e+52 3.330e+53 
1.262e-10 2.614e+52 4.754e+53 
1.748e-10 4.220e+52 6.173e+53 
2.420e-10 6.560e+52 6.920e+53 
3.352e-10 9.805e+52 6.121e+53 
4.642e-10 1.393e+53 2.004e+53 
6.428e-10 1.859e+53 -7.393e+53 
8.902e-10 2.286e+53 -2.110e+54 
1.233e-09 2.545e+53 -3.314e+54 
1.707e-09 2.489e+53 -3.215e+54 
2.364e-09 2.094e+53 -1.325e+54 
3.275e-09 1.520e+53 9.946e+53 
4.535e-09 9.869e+52 2.012e+54 
6.280e-09 6.033e+52 1.710e+54 
8.697e-09 3.561e+52 1.116e+54 
1.205e-08 2.050e+52 6.663e+53 
1.668e-08 1.147e+52 3.729e+53 
2.310e-08 6.193e+51 1.896e+53 
3.199e-08 3.241e+51 8.633e+52 
4.431e-08 1.654e+51 3.429e+52 
6.136e-08 8.238e+50 1.275e+52 
8.498e-08 4.070e+50 4.917e+51 
1.177e-07 2.328e+50 2.768e+51 
1.630e-07 1.414e+50 1.602e+51 
2.257e-07 9.017e+49 9.353e+50 
3.126e-07 5.893e+49 5.757e+50 
4.329e-07 3.898e+49 3.584e+50 
5.995e-07 4.894e+49 3.848e+50 
8.302e-07 1.057e+49 9.850e+49 
1.150e-06 6.643e+48 6.803e+49 
1.592e-06 4.016e+48 4.690e+49 
2.205e-06 2.348e+48 3.075e+49 
3.054e-06 1.364e+48 1.925e+49 
4.229e-06 7.743e+47 1.138e+49 
5.857e-06 4.233e+47 6.286e+48 
8.111e-06 2.216e+47 3.248e+48 
1.123e-05 1.093e+47 1.565e+48 
1.556e-05 4.864e+46 6.366e+47 
2.154e-05 1.973e+46 2.028e+47 
2.984e-05 7.434e+45 4.515e+46 
4.132e-05 2.606e+45 4.435e+45 
5.722e-05 8.660e+44 -1.607e+45 
7.925e-05 2.647e+44 -1.059e+45 
1.097e-04 7.198e+43 -3.493e+44 
1.520e-04 1.625e+43 -7.369e+43 
2.105e-04 2.842e+42 -9.845e+42 
2.915e-04 3.311e+41 -6.576e+41 
4.037e-04 2.407e+40 -1.353e+40 
5.591e-04 8.057e+38 3.676e+38 
7.743e-04 9.590e+36 8.100e+36 
1.072e-03 2.718e+34 5.412e+34 
1.485e-03 9.283e+30 1.049e+31 
2.057e-03 8.456e+25 3.978e+23 
2.848e-03 2.007e+19 6.220e+19 
3.944e-03 2.492e+15 6.047e+16 
5.462e-03 4.955e-02 1.221e+00 
7.565e-03 1.661e-18 4.100e-17 
1.048e-02 0.000e+00 1.616e-38 
1.451e-02 0.000e+00 6.401e-72 
2.009e-02 0.000e+00 0.000e+00 
2.783e-02 0.000e+00 0.000e+00 
3.854e-02 0.000e+00 0.000e+00 
5.337e-02 0.000e+00 0.000e+00 
7.391e-02 0.000e+00 0.000e+00 
1.024e-01 0.000e+00 0.000e+00 
1.417e-01 0.000e+00 0.000e+00 
1.963e-01 0.000e+00 0.000e+00 
2.719e-01 0.000e+00 0.000e+00 
3.765e-01 0.000e+00 0.000e+00 
5.214e-01 0.000e+00 0.000e+00 
7.221e-01 0.000e+00 0.000e+00 
1.000e+00 0.000e+00 0.000e+00 

Electron distribution

 electrons: E_e     N_e    N_pos    dNe_dt    dt
-------------------------------------
8.198105e-07 0.000e+00 0.000e+00 1.276e+48 -6.133e-11
8.198105e-07 1.645e+38 0.000e+00 -1.123e+48 -7.059e-11
8.198106e-07 2.864e+38 0.000e+00 -1.406e+47 -8.115e-11
8.198107e-07 4.671e+38 0.000e+00 -5.047e+47 -9.321e-11
8.198108e-07 7.191e+38 0.000e+00 -8.230e+47 -1.073e-10
8.198109e-07 9.909e+38 0.000e+00 -5.452e+47 -1.234e-10
8.198111e-07 1.217e+39 0.000e+00 2.442e+47 -1.420e-10
8.198113e-07 1.386e+39 0.000e+00 9.754e+47 -1.634e-10
8.198114e-07 1.529e+39 4.083e+16 1.415e+48 -1.878e-10
8.198117e-07 1.672e+39 4.123e+26 1.691e+48 -2.160e-10
8.198119e-07 1.824e+39 3.004e+36 1.929e+48 -2.484e-10
8.198122e-07 2.992e+46 2.992e+46 -9.105e+54 -2.854e-10
8.198125e-07 1.438e+46 1.438e+46 2.534e+55 -3.285e-10
8.198129e-07 6.018e+45 6.018e+45 2.370e+55 -3.782e-10
8.198133e-07 9.046e+45 9.046e+45 -7.444e+54 -4.351e-10
8.198138e-07 1.561e+46 1.561e+46 -1.408e+55 -4.997e-10
8.198144e-07 4.004e+46 4.004e+46 -5.953e+54 -5.738e-10
8.198151e-07 4.089e+46 4.089e+46 -1.280e+54 -6.609e-10
8.198159e-07 6.374e+46 6.374e+46 -1.650e+53 -7.597e-10
8.198167e-07 6.370e+46 6.370e+46 -1.376e+52 -8.731e-10
8.198177e-07 8.792e+46 8.791e+46 -7.838e+50 -1.005e-09
8.198189e-07 8.801e+46 8.801e+46 -2.374e+49 -1.158e-09
8.198202e-07 1.134e+47 1.134e+47 -6.828e+47 -1.331e-09
8.198218e-07 1.399e+47 1.399e+47 -2.314e+47 -1.528e-09
8.198236e-07 1.678e+47 1.678e+47 -2.665e+47 -1.758e-09
8.198256e-07 1.968e+47 1.968e+47 -3.135e+47 -2.023e-09
8.198279e-07 2.270e+47 2.270e+47 -3.608e+47 -2.328e-09
8.198306e-07 2.908e+47 2.908e+47 -4.612e+47 -2.681e-09
8.198337e-07 3.235e+47 3.235e+47 -5.174e+47 -3.078e-09
8.198373e-07 3.937e+47 3.937e+47 -6.244e+47 -3.550e-09
8.198414e-07 7.280e+47 7.280e+47 -9.484e+47 -4.086e-09
8.198461e-07 8.054e+47 8.054e+47 -1.080e+48 -4.694e-09
8.198515e-07 9.289e+47 9.289e+47 -1.279e+48 -5.401e-09
8.198578e-07 1.107e+48 1.107e+48 -1.541e+48 -6.228e-09
8.198649e-07 3.121e+48 3.121e+48 -2.858e+48 -7.176e-09
8.198732e-07 3.639e+48 3.639e+48 -3.387e+48 -8.260e-09
8.198827e-07 4.203e+48 4.203e+48 -3.568e+48 -9.505e-09
8.198936e-07 4.618e+48 4.618e+48 -4.049e+48 -1.098e-08
8.199062e-07 7.827e+48 7.827e+48 -5.972e+48 -1.265e-08
8.199206e-07 1.077e+49 1.077e+49 -4.736e+48 -1.465e-08
8.199372e-07 1.228e+49 1.228e+49 -5.050e+48 -1.686e-08
8.199563e-07 1.634e+49 1.634e+49 -6.973e+48 -1.947e-08
8.199783e-07 1.840e+49 1.840e+49 -7.463e+48 -2.255e-08
8.200036e-07 2.581e+49 2.581e+49 -5.966e+48 -2.609e-08
8.200327e-07 3.216e+49 3.216e+49 -3.297e+48 -3.011e-08
8.200661e-07 3.923e+49 3.923e+49 -4.113e+48 -3.494e-08
8.201046e-07 4.977e+49 4.977e+49 -2.203e+47 -4.050e-08
8.201488e-07 6.390e+49 6.390e+49 5.364e+48 -4.712e-08
8.201997e-07 7.921e+49 7.921e+49 1.483e+49 -5.479e-08
8.202582e-07 1.000e+50 9.999e+49 2.983e+49 -6.372e-08
8.203255e-07 1.237e+50 1.237e+50 5.642e+49 -7.485e-08
8.204029e-07 1.572e+50 1.572e+50 9.051e+49 -8.748e-08
8.204919e-07 2.007e+50 2.007e+50 1.532e+50 -1.032e-07
8.205943e-07 2.523e+50 2.523e+50 2.510e+50 -1.223e-07
8.207120e-07 3.218e+50 3.218e+50 4.064e+50 -1.443e-07
8.208475e-07 4.127e+50 4.127e+50 6.235e+50 -1.722e-07
8.210032e-07 5.284e+50 5.284e+50 1.021e+51 -2.085e-07
8.211823e-07 6.990e+50 6.990e+50 1.674e+51 -2.523e-07
8.213882e-07 9.228e+50 9.228e+50 2.793e+51 -3.104e-07
8.216250e-07 1.232e+51 1.232e+51 4.718e+51 -3.876e-07
8.218973e-07 1.698e+51 1.698e+51 8.439e+51 -4.960e-07
8.222103e-07 2.404e+51 2.404e+51 1.606e+52 -6.570e-07
8.225703e-07 3.556e+51 3.555e+51 3.247e+52 -8.962e-07
8.229841e-07 5.821e+51 5.819e+51 8.161e+52 -1.356e-06
8.234599e-07 4.117e+52 2.944e+52 4.509e+54 -2.452e-06
8.240067e-07 2.516e+58 1.529e+58 2.768e+60 -7.353e-06
8.246353e-07 2.680e+58 1.629e+58 -1.648e+60 7.818e-06
8.253577e-07 2.063e+55 1.933e+55 -6.085e+56 2.729e-06
8.261878e-07 1.121e+55 1.052e+55 -1.932e+56 1.704e-06
8.271415e-07 7.520e+54 7.050e+54 -9.347e+55 1.313e-06
8.282372e-07 5.361e+54 5.027e+54 -5.168e+55 1.076e-06
8.294957e-07 4.066e+54 3.813e+54 -3.234e+55 9.371e-07
8.309408e-07 3.169e+54 2.972e+54 -2.153e+55 8.388e-07
8.325999e-07 2.534e+54 2.376e+54 -1.513e+55 7.703e-07
8.345042e-07 2.058e+54 1.930e+54 -1.101e+55 7.182e-07
8.366892e-07 1.688e+54 1.584e+54 -8.237e+54 6.766e-07
8.391953e-07 1.402e+54 1.315e+54 -6.313e+54 6.449e-07
8.420686e-07 1.174e+54 1.101e+54 -4.932e+54 6.194e-07
8.453615e-07 9.864e+53 9.252e+53 -3.908e+54 5.970e-07
8.491332e-07 8.345e+53 7.827e+53 -3.141e+54 5.791e-07
8.534509e-07 7.075e+53 6.635e+53 -2.544e+54 5.628e-07
8.583903e-07 6.030e+53 5.655e+53 -2.084e+54 5.497e-07
8.640367e-07 5.138e+53 4.818e+53 -1.715e+54 5.365e-07
8.704860e-07 4.400e+53 4.126e+53 -1.425e+54 5.261e-07
8.778454e-07 3.768e+53 3.533e+53 -1.186e+54 5.156e-07
8.862348e-07 3.230e+53 3.028e+53 -9.909e+53 5.057e-07
8.957872e-07 2.774e+53 2.600e+53 -8.326e+53 4.966e-07
9.066500e-07 2.382e+53 2.232e+53 -6.996e+53 4.873e-07
9.189857e-07 2.047e+53 1.917e+53 -5.899e+53 4.782e-07
9.329728e-07 1.760e+53 1.648e+53 -4.982e+53 4.694e-07
9.488060e-07 1.513e+53 1.416e+53 -4.203e+53 4.604e-07
9.666968e-07 1.299e+53 1.215e+53 -3.542e+53 4.508e-07
9.868741e-07 1.114e+53 1.041e+53 -2.980e+53 4.409e-07
1.009584e-06 9.542e+52 8.909e+52 -2.501e+53 4.304e-07
1.035089e-06 8.168e+52 7.618e+52 -2.094e+53 4.200e-07
1.063669e-06 6.977e+52 6.499e+52 -1.746e+53 4.091e-07
1.095620e-06 5.947e+52 5.531e+52 -1.449e+53 3.977e-07
1.131256e-06 5.056e+52 4.696e+52 -1.196e+53 3.858e-07
1.170904e-06 4.291e+52 3.977e+52 -9.826e+52 3.734e-07
1.214909e-06 3.637e+52 3.364e+52 -8.042e+52 3.610e-07
1.263630e-06 3.071e+52 2.833e+52 -6.522e+52 3.480e-07
1.317444e-06 2.587e+52 2.379e+52 -5.249e+52 3.351e-07
1.376742e-06 2.175e+52 1.994e+52 -4.201e+52 3.219e-07
1.441935e-06 1.835e+52 1.678e+52 -3.410e+52 3.087e-07
1.513453e-06 1.544e+52 1.407e+52 -2.749e+52 2.955e-07
1.591744e-06 1.296e+52 1.176e+52 -2.201e+52 2.824e-07
1.677283e-06 1.085e+52 9.808e+51 -1.750e+52 2.693e-07
1.770568e-06 9.067e+51 8.153e+51 -1.373e+52 2.566e-07
1.872126e-06 7.563e+51 6.764e+51 -1.068e+52 2.441e-07
1.982516e-06 6.293e+51 5.594e+51 -8.196e+51 2.320e-07
2.102333e-06 5.270e+51 4.658e+51 -6.433e+51 2.204e-07
2.232208e-06 4.396e+51 3.861e+51 -5.024e+51 2.089e-07
2.372818e-06 3.664e+51 3.196e+51 -3.888e+51 1.980e-07
2.524885e-06 3.051e+51 2.642e+51 -2.557e+51 1.874e-07
2.689181e-06 2.535e+51 2.177e+51 -1.950e+51 1.774e-07
2.866535e-06 2.109e+51 1.794e+51 -1.859e+51 1.680e-07
3.057837e-06 1.759e+51 1.483e+51 -1.472e+51 1.587e-07
3.264038e-06 1.468e+51 1.226e+51 -1.161e+51 1.502e-07
3.486164e-06 1.222e+51 1.010e+51 -8.949e+50 1.419e-07
3.725313e-06 1.016e+51 8.298e+50 -7.028e+50 1.342e-07
3.982667e-06 8.437e+50 6.800e+50 -5.516e+50 1.268e-07
4.259494e-06 7.050e+50 5.611e+50 -4.326e+50 1.200e-07
4.557156e-06 5.889e+50 4.623e+50 -3.274e+50 1.134e-07
4.877116e-06 4.911e+50 3.797e+50 -2.573e+50 1.073e-07
5.220947e-06 4.083e+50 3.104e+50 -2.139e+50 1.014e-07
5.590335e-06 3.398e+50 2.535e+50 -1.751e+50 9.599e-08
5.987093e-06 2.842e+50 2.082e+50 -1.343e+50 9.086e-08
6.413168e-06 2.378e+50 1.708e+50 -9.881e+49 8.603e-08
6.870646e-06 1.987e+50 1.395e+50 -7.907e+49 8.155e-08
7.361773e-06 1.657e+50 1.134e+50 -7.094e+49 7.725e-08
7.888953e-06 1.383e+50 9.214e+49 -2.219e+49 7.325e-08
8.454770e-06 1.160e+50 7.524e+49 -1.172e+49 6.948e-08
9.061998e-06 9.739e+49 6.134e+49 -3.880e+49 6.598e-08
9.713610e-06 8.158e+49 4.969e+49 -3.808e+49 6.266e-08
1.041280e-05 6.833e+49 4.009e+49 -4.146e+49 5.955e-08
1.116299e-05 5.743e+49 3.240e+49 -3.993e+49 5.664e-08
1.196786e-05 4.841e+49 2.624e+49 -3.428e+49 5.386e-08
1.283135e-05 4.091e+49 2.122e+49 -3.050e+49 5.134e-08
1.375769e-05 3.447e+49 1.701e+49 -3.357e+49 4.885e-08
1.475141e-05 2.912e+49 1.361e+49 -3.626e+49 4.658e-08
1.581739e-05 2.472e+49 1.093e+49 -3.265e+49 4.448e-08
1.696085e-05 2.107e+49 8.785e+48 -2.880e+49 4.254e-08
1.818739e-05 1.790e+49 6.996e+48 -2.816e+49 4.058e-08
1.950301e-05 1.530e+49 5.572e+48 -2.632e+49 3.888e-08
2.091416e-05 1.308e+49 4.417e+48 -2.352e+49 3.722e-08
2.242775e-05 1.123e+49 3.506e+48 -2.145e+49 3.566e-08
2.405120e-05 9.659e+48 2.776e+48 -1.859e+49 3.417e-08
2.579246e-05 8.339e+48 2.189e+48 -1.536e+49 3.285e-08
2.766005e-05 7.209e+48 1.718e+48 -1.314e+49 3.157e-08
2.966313e-05 6.234e+48 1.344e+48 -1.135e+49 3.029e-08
3.181151e-05 5.439e+48 1.056e+48 -8.996e+48 2.928e-08
3.411570e-05 4.723e+48 8.192e+47 -7.386e+48 2.814e-08
3.658701e-05 4.115e+48 6.330e+47 -6.062e+48 2.712e-08
3.923752e-05 3.600e+48 4.898e+47 -4.628e+48 2.621e-08
4.208023e-05 3.146e+48 3.772e+47 -3.661e+48 2.528e-08
4.512906e-05 2.760e+48 2.896e+47 -2.796e+48 2.449e-08
4.839894e-05 2.417e+48 2.189e+47 -2.152e+48 2.370e-08
5.190588e-05 2.116e+48 1.650e+47 -1.625e+48 2.292e-08
5.566708e-05 1.861e+48 1.253e+47 -1.131e+48 2.229e-08
5.970095e-05 1.631e+48 9.425e+46 -8.110e+47 2.163e-08
6.402724e-05 1.429e+48 7.013e+46 -5.738e+47 2.105e-08
6.866715e-05 1.251e+48 5.133e+46 -3.661e+47 2.052e-08
7.364342e-05 1.091e+48 3.747e+46 -2.247e+47 1.997e-08
7.898040e-05 9.477e+47 2.762e+46 -1.304e+47 1.944e-08
8.470425e-05 8.223e+47 2.012e+46 -4.954e+46 1.900e-08
9.084300e-05 7.102e+47 1.425e+46 -1.197e+45 1.858e-08
9.742672e-05 6.097e+47 9.893e+45 2.845e+46 1.817e-08
1.044877e-04 5.201e+47 6.948e+45 4.933e+46 1.778e-08
1.120604e-04 4.413e+47 4.963e+45 6.213e+46 1.743e-08
1.201820e-04 3.706e+47 3.442e+45 6.245e+46 1.706e-08
1.288924e-04 3.097e+47 2.271e+45 6.036e+46 1.680e-08
1.382340e-04 2.560e+47 1.469e+45 5.640e+46 1.653e-08
1.482528e-04 2.099e+47 9.889e+44 5.102e+46 1.632e-08
1.589977e-04 1.691e+47 6.739e+44 4.243e+46 1.604e-08
1.705215e-04 1.348e+47 4.358e+44 3.520e+46 1.583e-08
1.828805e-04 1.060e+47 2.593e+44 2.862e+46 1.564e-08
1.961353e-04 8.180e+46 1.496e+44 2.220e+46 1.545e-08
2.103508e-04 6.215e+46 9.662e+43 1.705e+46 1.529e-08
2.255966e-04 4.649e+46 6.315e+43 1.248e+46 1.521e-08
2.419475e-04 3.385e+46 3.670e+43 8.807e+45 1.505e-08
2.594835e-04 2.414e+46 1.871e+43 6.231e+45 1.494e-08
2.782905e-04 1.683e+46 9.379e+42 4.080e+45 1.487e-08
2.984606e-04 1.136e+46 5.932e+42 2.659e+45 1.474e-08
3.200927e-04 7.496e+45 3.636e+42 1.595e+45 1.471e-08
3.432926e-04 4.795e+45 1.837e+42 9.518e+44 1.470e-08
3.681741e-04 2.961e+45 7.146e+41 5.296e+44 1.469e-08
3.948590e-04 1.758e+45 2.736e+41 2.685e+44 1.465e-08
4.234779e-04 1.007e+45 1.763e+41 1.279e+44 1.467e-08
4.541712e-04 5.516e+44 1.011e+41 5.785e+43 1.469e-08
4.870891e-04 2.879e+44 4.358e+40 2.375e+43 1.468e-08
5.223929e-04 1.432e+44 1.072e+40 7.919e+42 1.471e-08
5.602555e-04 6.797e+43 2.896e+39 1.610e+42 1.485e-08
6.008623e-04 3.026e+43 1.889e+39 -2.887e+41 1.491e-08
6.444123e-04 1.268e+43 1.021e+39 -5.051e+41 1.500e-08
6.911188e-04 4.989e+42 3.719e+38 -3.119e+41 1.515e-08
7.412106e-04 1.821e+42 4.320e+37 -1.931e+41 1.528e-08
7.949329e-04 6.147e+41 7.289e+36 -8.822e+40 1.539e-08
8.525491e-04 1.918e+41 4.745e+36 -3.416e+40 1.559e-08
9.143412e-04 5.480e+40 2.467e+36 -1.129e+40 1.582e-08
9.806119e-04 1.420e+40 7.367e+35 -3.550e+39 1.603e-08
1.051686e-03 3.312e+39 1.665e+34 -9.760e+38 1.624e-08
1.127911e-03 6.927e+38 2.150e+33 -2.299e+38 1.648e-08
1.209662e-03 1.285e+38 1.383e+33 -4.798e+37 1.672e-08
1.297337e-03 2.100e+37 6.821e+32 -8.712e+36 1.700e-08
1.391367e-03 3.013e+36 1.518e+32 -1.453e+36 1.743e-08
1.492212e-03 3.692e+35 2.222e+28 -1.955e+35 1.769e-08
1.600367e-03 3.866e+34 1.626e+28 -2.363e+34 1.802e-08
1.716360e-03 3.416e+33 1.033e+28 -2.365e+33 1.836e-08
1.840761e-03 2.549e+32 4.787e+27 -2.029e+32 1.900e-08
1.974178e-03 1.537e+31 5.881e+26 -1.444e+31 1.936e-08
2.117265e-03 7.542e+29 4.254e+21 -8.646e+29 1.985e-08
2.270723e-03 2.938e+28 3.119e+21 -4.112e+28 2.030e-08
2.435303e-03 9.017e+26 1.959e+21 -1.619e+27 2.088e-08
2.611812e-03 2.144e+25 8.030e+20 -5.137e+25 2.163e-08
2.801114e-03 3.796e+23 1.977e+19 -1.268e+24 2.213e-08
3.004137e-03 4.985e+21 1.948e+10 -2.456e+22 2.274e-08
3.221875e-03 4.734e+19 4.164e+08 -3.600e+20 2.337e-08
3.455394e-03 3.209e+17 0.000e+00 -3.953e+18 2.431e-08
3.705838e-03 1.484e+15 0.000e+00 -3.150e+16 2.508e-08
3.974435e-03 4.598e+12 0.000e+00 -1.803e+14 2.589e-08
4.262499e-03 9.238e+09 0.000e+00 -7.068e+11 2.666e-08
4.571442e-03 1.177e+07 0.000e+00 -1.856e+09 2.765e-08
4.902777e-03 9.263e+03 0.000e+00 -3.165e+06 2.907e-08
5.258127e-03 0.000e+00 0.000e+00 1.354e+08 2.998e-08
5.639232e-03 0.000e+00 0.000e+00 3.368e+04 3.097e-08
6.047960e-03 0.000e+00 0.000e+00 0.000e+00 3.204e-08
6.486312e-03 0.000e+00 0.000e+00 0.000e+00 3.358e-08
6.956435e-03 0.000e+00 0.000e+00 0.000e+00 3.567e-08
7.460633e-03 0.000e+00 0.000e+00 0.000e+00 3.677e-08
8.001374e-03 0.000e+00 0.000e+00 0.000e+00 3.787e-08
8.581308e-03 0.000e+00 0.000e+00 0.000e+00 3.956e-08
9.203276e-03 0.000e+00 0.000e+00 0.000e+00 4.194e-08
9.870323e-03 0.000e+00 0.000e+00 0.000e+00 4.351e-08
1.058572e-02 0.000e+00 0.000e+00 0.000e+00 4.533e-08
1.135296e-02 0.000e+00 0.000e+00 0.000e+00 4.734e-08
1.217582e-02 0.000e+00 0.000e+00 0.000e+00 4.985e-08
1.305831e-02 0.000e+00 0.000e+00 0.000e+00 5.321e-08
1.400477e-02 0.000e+00 0.000e+00 0.000e+00 5.500e-08
1.501982e-02 0.000e+00 0.000e+00 0.000e+00 5.764e-08
1.610845e-02 0.000e+00 0.000e+00 0.000e+00 6.039e-08
1.727598e-02 0.000e+00 0.000e+00 0.000e+00 6.419e-08
1.852813e-02 0.000e+00 0.000e+00 0.000e+00 6.931e-08
1.987104e-02 0.000e+00 0.000e+00 0.000e+00 7.143e-08
2.131128e-02 0.000e+00 0.000e+00 0.000e+00 7.425e-08
2.285590e-02 0.000e+00 0.000e+00 0.000e+00 7.825e-08
2.451248e-02 0.000e+00 0.000e+00 0.000e+00 8.415e-08
2.628913e-02 0.000e+00 0.000e+00 0.000e+00 8.847e-08
2.819455e-02 0.000e+00 0.000e+00 0.000e+00 9.251e-08
3.023807e-02 0.000e+00 0.000e+00 0.000e+00 9.734e-08
3.242970e-02 0.000e+00 0.000e+00 0.000e+00 1.036e-07
3.478018e-02 0.000e+00 0.000e+00 0.000e+00 1.120e-07
3.730103e-02 0.000e+00 0.000e+00 0.000e+00 1.155e-07
4.000458e-02 0.000e+00 0.000e+00 0.000e+00 1.224e-07
4.290408e-02 0.000e+00 0.000e+00 0.000e+00 1.290e-07
4.601374e-02 0.000e+00 0.000e+00 0.000e+00 1.387e-07
4.934879e-02 0.000e+00 0.000e+00 0.000e+00 1.510e-07
5.292555e-02 0.000e+00 0.000e+00 0.000e+00 1.557e-07
5.676156e-02 0.000e+00 0.000e+00 0.000e+00 1.635e-07
6.087560e-02 0.000e+00 0.000e+00 0.000e+00 1.739e-07
6.528782e-02 0.000e+00 0.000e+00 0.000e+00 1.873e-07
7.001983e-02 0.000e+00 0.000e+00 0.000e+00 2.003e-07
7.509482e-02 0.000e+00 0.000e+00 0.000e+00 2.103e-07
8.053764e-02 0.000e+00 0.000e+00 0.000e+00 2.188e-07
8.637496e-02 0.000e+00 0.000e+00 0.000e+00 2.341e-07
9.263535e-02 0.000e+00 0.000e+00 0.000e+00 2.545e-07
9.934950e-02 0.000e+00 0.000e+00 0.000e+00 2.620e-07
1.065503e-01 0.000e+00 0.000e+00 0.000e+00 2.773e-07
1.142730e-01 0.000e+00 0.000e+00 0.000e+00 2.940e-07
1.225554e-01 0.000e+00 0.000e+00 0.000e+00 3.162e-07
1.314381e-01 0.000e+00 0.000e+00 0.000e+00 3.427e-07
1.409647e-01 0.000e+00 0.000e+00 0.000e+00 3.521e-07
1.511817e-01 0.000e+00 0.000e+00 0.000e+00 3.714e-07
1.621392e-01 0.000e+00 0.000e+00 0.000e+00 3.904e-07
1.738910e-01 0.000e+00 0.000e+00 0.000e+00 4.196e-07
1.864945e-01 0.000e+00 0.000e+00 0.000e+00 4.544e-07
2.000115e-01 0.000e+00 0.000e+00 0.000e+00 4.645e-07
2.145081e-01 0.000e+00 0.000e+00 0.000e+00 4.773e-07
2.300555e-01 0.000e+00 0.000e+00 0.000e+00 5.070e-07
2.467298e-01 0.000e+00 0.000e+00 0.000e+00 5.403e-07
2.646126e-01 0.000e+00 0.000e+00 0.000e+00 5.491e-07
2.837915e-01 0.000e+00 0.000e+00 0.000e+00 5.710e-07
3.043606e-01 0.000e+00 0.000e+00 0.000e+00 5.963e-07
3.264204e-01 0.000e+00 0.000e+00 0.000e+00 6.216e-07
3.500791e-01 0.000e+00 0.000e+00 0.000e+00 6.562e-07
3.754526e-01 0.000e+00 0.000e+00 0.000e+00 6.563e-07
4.026652e-01 0.000e+00 0.000e+00 0.000e+00 6.720e-07
4.318500e-01 0.000e+00 0.000e+00 0.000e+00 6.842e-07
4.631502e-01 0.000e+00 0.000e+00 0.000e+00 7.061e-07
4.967190e-01 0.000e+00 0.000e+00 0.000e+00 7.256e-07
5.327209e-01 0.000e+00 0.000e+00 0.000e+00 7.170e-07
5.713321e-01 0.000e+00 0.000e+00 0.000e+00 7.125e-07
6.127419e-01 0.000e+00 0.000e+00 0.000e+00 7.152e-07
6.571530e-01 0.000e+00 0.000e+00 0.000e+00 7.191e-07
7.047830e-01 0.000e+00 0.000e+00 0.000e+00 7.029e-07
7.558652e-01 0.000e+00 0.000e+00 0.000e+00 6.944e-07
8.106497e-01 0.000e+00 0.000e+00 0.000e+00 6.788e-07
8.694051e-01 0.000e+00 0.000e+00 0.000e+00 6.675e-07
9.324189e-01 0.000e+00 0.000e+00 0.000e+00 6.536e-07
1.000000e+00 0.000e+00 0.000e+00 0.000e+00 8.795e-07
