Photospheric1 results, Ver = 3.30 

Compilation Date = Dec 17 2014 
Compilation Time = 10:52:19 

physical parameters: 
====================

L_GRB = 1.000e+51  Tau = 3.500e+01
epsilon_e = 9.000e-01   epsilon_B = 1.000e-06 
power_law = 2.00e+00 Gamma_i = 5.000e+01 delta_t = 1.777e-02

 epsilon_d = 1.000e-01   epsilon_pl = 0.000e+00  E_m_acc = 0.000000e+00 
T0 = 6.269e-10 [erg], L_0 = 2.154e+50 [erg/s] 

collision radius = 2.665e+11 [cm] volume = 2.379e+34 [cm^3]
N_shell = 2.361e+50, number of particles within the colliding shell 
B = 6.127e+03 

Electrons minimum gb = 1.000e-03 , maximum gb(gamma*beta) = 1.220e+06 
# of electrons cells = 300 
in gb[j] = gb0*x^j , x= 1.0725e+00 

Photons minimum energy = 1.000e-14 [erg], maximum energy = 1.000e+00 [erg]
# of photon cells = 100 
in E[j] = E0*x^j , x= 1.3849e+00 

do_pairs =   1 do_annihilate =   1 do_compton =   1  

t_dyn = 1.777e-01 time_step = 1.777e-04 dt_min = 3.553e-08

Initial thermal component: 

Energy   dN_thermal 
-------------------------------
1.000e-14  1.478e+46 
1.385e-14  2.834e+46 
1.918e-14  5.435e+46 
2.656e-14  1.042e+47 
3.678e-14  1.999e+47 
5.094e-14  3.834e+47 
7.055e-14  7.354e+47 
9.770e-14  1.410e+48 
1.353e-13  2.705e+48 
1.874e-13  5.187e+48 
2.595e-13  9.948e+48 
3.594e-13  1.908e+49 
4.977e-13  3.658e+49 
6.893e-13  7.015e+49 
9.545e-13  1.345e+50 
1.322e-12  2.579e+50 
1.831e-12  4.944e+50 
2.535e-12  9.475e+50 
3.511e-12  1.815e+51 
4.863e-12  3.477e+51 
6.734e-12  6.657e+51 
9.326e-12  1.274e+52 
1.292e-11  2.434e+52 
1.789e-11  4.646e+52 
2.477e-11  8.851e+52 
3.430e-11  1.682e+53 
4.751e-11  3.184e+53 
6.579e-11  5.998e+53 
9.112e-11  1.122e+54 
1.262e-10  2.078e+54 
1.748e-10  3.794e+54 
2.420e-10  6.790e+54 
3.352e-10  1.181e+55 
4.642e-10  1.968e+55 
6.428e-10  3.085e+55 
8.902e-10  4.411e+55 
1.233e-09  5.496e+55 
1.707e-09  5.570e+55 
2.364e-09  4.162e+55 
3.275e-09  2.011e+55 
4.535e-09  5.310e+54 
6.280e-09  6.192e+53 
8.697e-09  2.410e+52 
1.205e-08  2.120e+50 
1.668e-08  2.418e+47 
2.310e-08  1.627e+43 
3.199e-08  2.156e+37 
4.431e-08  1.235e+29 
6.136e-08  3.739e+17 
8.498e-08  3.272e+01 
1.177e-07  1.476e-21 
1.630e-07  1.301e-52 
2.257e-07  9.905e-96 
3.126e-07  1.473e-155 
4.329e-07  1.567e-238 
5.995e-07  0.000e+00 
8.302e-07  0.000e+00 
1.150e-06  0.000e+00 
1.592e-06  0.000e+00 
2.205e-06  0.000e+00 
3.054e-06  0.000e+00 
4.229e-06  0.000e+00 
5.857e-06  0.000e+00 
8.111e-06  0.000e+00 
1.123e-05  0.000e+00 
1.556e-05  0.000e+00 
2.154e-05  0.000e+00 
2.984e-05  0.000e+00 
4.132e-05  0.000e+00 
5.722e-05  0.000e+00 
7.925e-05  0.000e+00 
1.097e-04  0.000e+00 
1.520e-04  0.000e+00 
2.105e-04  0.000e+00 
2.915e-04  0.000e+00 
4.037e-04  0.000e+00 
5.591e-04  0.000e+00 
7.743e-04  0.000e+00 
1.072e-03  0.000e+00 
1.485e-03  0.000e+00 
2.057e-03  0.000e+00 
2.848e-03  0.000e+00 
3.944e-03  0.000e+00 
5.462e-03  0.000e+00 
7.565e-03  0.000e+00 
1.048e-02  0.000e+00 
1.451e-02  0.000e+00 
2.009e-02  0.000e+00 
2.783e-02  0.000e+00 
3.854e-02  0.000e+00 
5.337e-02  0.000e+00 
7.391e-02  0.000e+00 
1.024e-01  0.000e+00 
1.417e-01  0.000e+00 
1.963e-01  0.000e+00 
2.719e-01  0.000e+00 
3.765e-01  0.000e+00 
5.214e-01  0.000e+00 
7.221e-01  0.000e+00 

Final spectrum
photons: E_g     N_g     dNg_dt 
-------------------------------------
1.385e-14 5.875e+48 5.267e+53 
1.918e-14 1.616e+49 2.988e+53 
2.656e-14 3.858e+49 2.044e+53 
3.678e-14 8.897e+49 1.500e+53 
5.094e-14 2.200e+50 1.160e+53 
7.055e-14 5.610e+50 9.340e+52 
9.770e-14 1.204e+51 7.057e+52 
1.353e-13 1.957e+51 4.916e+52 
1.874e-13 2.532e+51 3.582e+52 
2.595e-13 2.821e+51 2.857e+52 
3.594e-13 2.869e+51 2.386e+52 
4.977e-13 2.762e+51 2.047e+52 
6.893e-13 2.579e+51 1.775e+52 
9.545e-13 2.388e+51 1.584e+52 
1.322e-12 2.259e+51 1.505e+52 
1.831e-12 2.283e+51 1.592e+52 
2.535e-12 2.599e+51 1.954e+52 
3.511e-12 3.442e+51 2.763e+52 
4.863e-12 5.214e+51 4.316e+52 
6.734e-12 8.606e+51 7.089e+52 
9.326e-12 1.462e+52 1.162e+53 
1.292e-11 2.552e+52 1.963e+53 
1.789e-11 4.424e+52 3.226e+53 
2.477e-11 7.600e+52 5.233e+53 
3.430e-11 1.290e+53 8.306e+53 
4.751e-11 2.156e+53 1.287e+54 
6.579e-11 3.546e+53 1.936e+54 
9.112e-11 5.726e+53 2.805e+54 
1.262e-10 9.000e+53 3.842e+54 
1.748e-10 1.380e+54 5.079e+54 
2.420e-10 2.053e+54 5.910e+54 
3.352e-10 2.965e+54 5.947e+54 
4.642e-10 4.062e+54 3.946e+54 
6.428e-10 5.278e+54 -8.822e+53 
8.902e-10 6.374e+54 -8.610e+54 
1.233e-09 6.991e+54 -1.656e+55 
1.707e-09 6.750e+54 -1.961e+55 
2.364e-09 5.626e+54 -1.161e+55 
3.275e-09 3.997e+54 1.340e+54 
4.535e-09 2.497e+54 8.106e+54 
6.280e-09 1.438e+54 7.197e+54 
8.697e-09 7.857e+53 4.134e+54 
1.205e-08 4.029e+53 2.070e+54 
1.668e-08 1.912e+53 9.317e+53 
2.310e-08 8.153e+52 3.389e+53 
3.199e-08 3.207e+52 1.116e+53 
4.431e-08 1.251e+52 4.061e+52 
6.136e-08 5.348e+51 2.357e+52 
8.498e-08 2.697e+51 1.945e+52 
1.177e-07 1.652e+51 1.552e+52 
1.630e-07 1.002e+51 1.281e+52 
2.257e-07 6.322e+50 1.068e+52 
3.126e-07 4.096e+50 8.909e+51 
4.329e-07 2.690e+50 7.405e+51 
5.995e-07 3.324e+50 5.815e+51 
8.302e-07 6.926e+49 5.185e+51 
1.150e-06 4.272e+49 4.228e+51 
1.592e-06 2.499e+49 3.444e+51 
2.205e-06 1.416e+49 2.734e+51 
3.054e-06 8.084e+48 2.141e+51 
4.229e-06 4.649e+48 1.636e+51 
5.857e-06 2.669e+48 1.203e+51 
8.111e-06 1.524e+48 8.487e+50 
1.123e-05 8.577e+47 5.628e+50 
1.556e-05 4.472e+47 3.359e+50 
2.154e-05 2.050e+47 1.662e+50 
2.984e-05 7.822e+46 5.389e+49 
4.132e-05 2.417e+46 6.292e+48 
5.722e-05 6.464e+45 8.745e+46 
7.925e-05 1.603e+45 1.278e+45 
1.097e-04 3.681e+44 1.873e+44 
1.520e-04 7.281e+43 2.146e+43 
2.105e-04 1.151e+43 1.974e+42 
2.915e-04 1.241e+42 1.289e+41 
4.037e-04 8.545e+40 6.066e+39 
5.591e-04 2.768e+39 1.311e+38 
7.743e-04 3.228e+37 7.430e+34 
1.072e-03 8.820e+34 -4.366e+33 
1.485e-03 3.042e+31 -3.365e+30 
2.057e-03 2.782e+26 -4.430e+25 
2.848e-03 5.973e+19 -1.519e+19 
3.944e-03 4.247e+16 2.219e+17 
5.462e-03 5.627e-01 2.956e+00 
7.565e-03 1.872e-17 9.720e-17 
1.048e-02 0.000e+00 2.598e-38 
1.451e-02 0.000e+00 9.964e-72 
2.009e-02 0.000e+00 0.000e+00 
2.783e-02 0.000e+00 0.000e+00 
3.854e-02 0.000e+00 0.000e+00 
5.337e-02 0.000e+00 0.000e+00 
7.391e-02 0.000e+00 0.000e+00 
1.024e-01 0.000e+00 0.000e+00 
1.417e-01 0.000e+00 0.000e+00 
1.963e-01 0.000e+00 0.000e+00 
2.719e-01 0.000e+00 0.000e+00 
3.765e-01 0.000e+00 0.000e+00 
5.214e-01 0.000e+00 0.000e+00 
7.221e-01 0.000e+00 0.000e+00 
1.000e+00 0.000e+00 0.000e+00 

Electron distribution

 electrons: E_e     N_e    N_pos    dNe_dt    dt
-------------------------------------
8.198105e-07 0.000e+00 0.000e+00 5.106e+48 -1.124e-10
8.198105e-07 3.523e+40 0.000e+00 -4.439e+48 -1.294e-10
8.198106e-07 2.087e+40 0.000e+00 -1.298e+33 -1.488e-10
8.198107e-07 2.238e+40 0.000e+00 0.000e+00 -1.707e-10
8.198108e-07 2.400e+40 0.000e+00 0.000e+00 -1.965e-10
8.198109e-07 2.574e+40 0.000e+00 0.000e+00 -2.259e-10
8.198111e-07 2.761e+40 0.000e+00 0.000e+00 -2.603e-10
8.198113e-07 2.961e+40 0.000e+00 -1.298e+33 -2.992e-10
8.198114e-07 3.176e+40 0.000e+00 -1.298e+33 -3.436e-10
8.198117e-07 3.406e+40 0.000e+00 0.000e+00 -3.955e-10
8.198119e-07 3.653e+40 0.000e+00 1.298e+33 -4.547e-10
8.198122e-07 4.723e+47 4.723e+47 6.807e+49 -5.223e-10
8.198125e-07 4.201e+40 0.000e+00 -2.596e+33 -6.008e-10
8.198129e-07 4.506e+40 0.000e+00 0.000e+00 -6.922e-10
8.198133e-07 4.832e+40 0.000e+00 0.000e+00 -7.966e-10
8.198138e-07 5.183e+40 0.000e+00 0.000e+00 -9.135e-10
8.198144e-07 2.534e+47 2.534e+47 3.652e+49 -1.047e-09
8.198151e-07 5.961e+40 0.000e+00 2.596e+33 -1.208e-09
8.198159e-07 2.048e+47 2.048e+47 2.951e+49 -1.388e-09
8.198167e-07 6.857e+40 0.000e+00 0.000e+00 -1.594e-09
8.198177e-07 1.642e+47 1.642e+47 2.366e+49 -1.836e-09
8.198189e-07 7.887e+40 0.000e+00 -2.596e+33 -2.117e-09
8.198202e-07 1.308e+47 1.308e+47 1.885e+49 -2.432e-09
8.198218e-07 1.193e+47 1.193e+47 1.719e+49 -2.788e-09
8.198236e-07 1.083e+47 1.083e+47 1.561e+49 -3.207e-09
8.198256e-07 6.466e+47 6.466e+47 8.697e+49 -3.695e-09
8.198279e-07 7.461e+47 7.461e+47 1.003e+50 -4.254e-09
8.198306e-07 9.562e+47 9.562e+47 1.286e+50 -4.903e-09
8.198337e-07 1.062e+48 1.062e+48 1.429e+50 -5.623e-09
8.198373e-07 1.296e+48 1.296e+48 1.743e+50 -6.502e-09
8.198414e-07 2.385e+48 2.385e+48 3.380e+50 -7.486e-09
8.198461e-07 2.637e+48 2.637e+48 3.719e+50 -8.593e-09
8.198515e-07 3.044e+48 3.044e+48 4.267e+50 -9.888e-09
8.198578e-07 3.639e+48 3.639e+48 5.065e+50 -1.143e-08
8.198649e-07 1.020e+49 1.020e+49 1.450e+51 -1.320e-08
8.198732e-07 1.189e+49 1.189e+49 1.702e+51 -1.519e-08
8.198827e-07 1.372e+49 1.372e+49 2.007e+51 -1.750e-08
8.198936e-07 1.516e+49 1.516e+49 2.201e+51 -2.031e-08
8.199062e-07 2.565e+49 2.565e+49 3.725e+51 -2.339e-08
8.199206e-07 3.530e+49 3.530e+49 5.468e+51 -2.727e-08
8.199372e-07 4.030e+49 4.030e+49 6.305e+51 -3.145e-08
8.199563e-07 5.386e+49 5.386e+49 8.265e+51 -3.643e-08
8.199783e-07 6.105e+49 6.105e+49 9.382e+51 -4.243e-08
8.200036e-07 8.584e+49 8.584e+49 1.372e+52 -4.935e-08
8.200327e-07 1.072e+50 1.072e+50 1.753e+52 -5.723e-08
8.200661e-07 1.319e+50 1.319e+50 2.119e+52 -6.688e-08
8.201046e-07 1.686e+50 1.686e+50 2.774e+52 -7.811e-08
8.201488e-07 2.188e+50 2.188e+50 3.584e+52 -9.191e-08
8.201997e-07 2.742e+50 2.742e+50 4.528e+52 -1.081e-07
8.202582e-07 3.506e+50 3.506e+50 5.939e+52 -1.273e-07
8.203255e-07 4.422e+50 4.422e+50 7.408e+52 -1.525e-07
8.204029e-07 5.726e+50 5.726e+50 9.659e+52 -1.816e-07
8.204919e-07 7.528e+50 7.528e+50 1.278e+53 -2.204e-07
8.205943e-07 9.804e+50 9.803e+50 1.647e+53 -2.707e-07
8.207120e-07 1.293e+51 1.293e+51 2.240e+53 -3.302e-07
8.208475e-07 1.738e+51 1.738e+51 2.928e+53 -4.130e-07
8.210032e-07 2.408e+51 2.408e+51 3.992e+53 -5.415e-07
8.211823e-07 3.475e+51 3.475e+51 5.762e+53 -7.140e-07
8.213882e-07 5.252e+51 5.252e+51 8.432e+53 -1.007e-06
8.216250e-07 8.705e+51 8.704e+51 1.332e+54 -1.559e-06
8.218973e-07 5.380e+53 3.668e+53 -7.803e+55 -3.006e-06
8.222103e-07 4.670e+59 3.132e+59 -4.435e+61 -1.762e-05
8.225703e-07 1.441e+59 9.670e+58 4.380e+61 5.441e-06
8.229841e-07 6.531e+55 5.778e+55 2.741e+58 2.337e-06
8.234599e-07 3.813e+55 3.375e+55 1.530e+58 1.566e-06
8.240067e-07 2.625e+55 2.323e+55 1.038e+58 1.239e-06
8.246353e-07 1.911e+55 1.692e+55 7.445e+57 1.036e-06
8.253577e-07 1.467e+55 1.299e+55 5.684e+57 9.142e-07
8.261878e-07 1.145e+55 1.014e+55 4.401e+57 8.196e-07
8.271415e-07 9.274e+54 8.209e+54 3.553e+57 7.625e-07
8.282372e-07 7.515e+54 6.653e+54 2.863e+57 7.097e-07
8.294957e-07 6.209e+54 5.497e+54 2.362e+57 6.735e-07
8.309408e-07 5.162e+54 4.570e+54 1.955e+57 6.429e-07
8.325999e-07 4.330e+54 3.833e+54 1.638e+57 6.192e-07
8.345042e-07 3.652e+54 3.233e+54 1.379e+57 5.995e-07
8.366892e-07 3.088e+54 2.734e+54 1.164e+57 5.818e-07
8.391953e-07 2.627e+54 2.326e+54 9.887e+56 5.679e-07
8.420686e-07 2.243e+54 1.985e+54 8.428e+56 5.562e-07
8.453615e-07 1.916e+54 1.696e+54 7.191e+56 5.448e-07
8.491332e-07 1.643e+54 1.454e+54 6.160e+56 5.355e-07
8.534509e-07 1.409e+54 1.247e+54 5.279e+56 5.263e-07
8.583903e-07 1.213e+54 1.073e+54 4.540e+56 5.188e-07
8.640367e-07 1.043e+54 9.223e+53 3.899e+56 5.105e-07
8.704860e-07 8.993e+53 7.953e+53 3.363e+56 5.039e-07
8.778454e-07 7.749e+53 6.852e+53 2.897e+56 4.966e-07
8.862348e-07 6.679e+53 5.903e+53 2.497e+56 4.893e-07
8.957872e-07 5.766e+53 5.094e+53 2.157e+56 4.825e-07
9.066500e-07 4.973e+53 4.392e+53 1.862e+56 4.751e-07
9.189857e-07 4.290e+53 3.786e+53 1.607e+56 4.676e-07
9.329728e-07 3.704e+53 3.267e+53 1.389e+56 4.601e-07
9.488060e-07 3.196e+53 2.816e+53 1.201e+56 4.521e-07
9.666968e-07 2.753e+53 2.424e+53 1.037e+56 4.434e-07
9.868741e-07 2.370e+53 2.084e+53 8.945e+55 4.342e-07
1.009584e-06 2.037e+53 1.788e+53 7.713e+55 4.243e-07
1.035089e-06 1.750e+53 1.534e+53 6.654e+55 4.144e-07
1.063669e-06 1.501e+53 1.314e+53 5.736e+55 4.038e-07
1.095620e-06 1.286e+53 1.122e+53 4.939e+55 3.928e-07
1.131256e-06 1.099e+53 9.565e+52 4.247e+55 3.810e-07
1.170904e-06 9.374e+52 8.137e+52 3.648e+55 3.688e-07
1.214909e-06 7.993e+52 6.916e+52 3.134e+55 3.565e-07
1.263630e-06 6.794e+52 5.857e+52 2.686e+55 3.436e-07
1.317444e-06 5.767e+52 4.950e+52 2.301e+55 3.307e-07
1.376742e-06 4.888e+52 4.176e+52 1.968e+55 3.174e-07
1.441935e-06 4.156e+52 3.536e+52 1.685e+55 3.043e-07
1.513453e-06 3.527e+52 2.987e+52 1.440e+55 2.910e-07
1.591744e-06 2.989e+52 2.517e+52 1.229e+55 2.779e-07
1.677283e-06 2.528e+52 2.117e+52 1.047e+55 2.648e-07
1.770568e-06 2.136e+52 1.777e+52 8.913e+54 2.520e-07
1.872126e-06 1.803e+52 1.490e+52 7.578e+54 2.395e-07
1.982516e-06 1.520e+52 1.247e+52 6.432e+54 2.273e-07
2.102333e-06 1.288e+52 1.049e+52 5.468e+54 2.156e-07
2.232208e-06 1.089e+52 8.798e+51 4.635e+54 2.042e-07
2.372818e-06 9.198e+51 7.373e+51 3.925e+54 1.932e-07
2.524885e-06 7.770e+51 6.174e+51 3.321e+54 1.827e-07
2.689181e-06 6.554e+51 5.159e+51 2.803e+54 1.726e-07
2.866535e-06 5.538e+51 4.316e+51 2.365e+54 1.632e-07
3.057837e-06 4.685e+51 3.615e+51 1.993e+54 1.540e-07
3.264038e-06 3.967e+51 3.030e+51 1.679e+54 1.454e-07
3.486164e-06 3.354e+51 2.534e+51 1.410e+54 1.372e-07
3.725313e-06 2.835e+51 2.116e+51 1.183e+54 1.295e-07
3.982667e-06 2.395e+51 1.764e+51 9.887e+53 1.222e-07
4.259494e-06 2.031e+51 1.477e+51 8.275e+53 1.154e-07
4.557156e-06 1.722e+51 1.236e+51 6.909e+53 1.089e-07
4.877116e-06 1.458e+51 1.031e+51 5.750e+53 1.028e-07
5.220947e-06 1.233e+51 8.579e+50 4.762e+53 9.698e-08
5.590335e-06 1.043e+51 7.135e+50 3.934e+53 9.164e-08
5.987093e-06 8.851e+50 5.952e+50 3.249e+53 8.659e-08
6.413168e-06 7.509e+50 4.959e+50 2.675e+53 8.182e-08
6.870646e-06 6.369e+50 4.121e+50 2.191e+53 7.742e-08
7.361773e-06 5.390e+50 3.411e+50 1.781e+53 7.319e-08
7.888953e-06 4.564e+50 2.820e+50 1.442e+53 6.927e-08
8.454770e-06 3.875e+50 2.336e+50 1.165e+53 6.558e-08
9.061998e-06 3.291e+50 1.932e+50 9.356e+52 6.216e-08
9.713610e-06 2.790e+50 1.590e+50 7.434e+52 5.892e-08
1.041280e-05 2.364e+50 1.303e+50 5.844e+52 5.589e-08
1.116299e-05 2.006e+50 1.068e+50 4.564e+52 5.305e-08
1.196786e-05 1.704e+50 8.744e+49 3.543e+52 5.036e-08
1.283135e-05 1.450e+50 7.148e+49 2.724e+52 4.792e-08
1.375769e-05 1.230e+50 5.791e+49 2.046e+52 4.551e-08
1.475141e-05 1.044e+50 4.675e+49 1.510e+52 4.331e-08
1.581739e-05 8.895e+49 3.776e+49 1.105e+52 4.128e-08
1.696085e-05 7.603e+49 3.052e+49 8.001e+51 3.941e-08
1.818739e-05 6.478e+49 2.444e+49 5.607e+51 3.752e-08
1.950301e-05 5.543e+49 1.951e+49 3.814e+51 3.588e-08
2.091416e-05 4.740e+49 1.546e+49 2.496e+51 3.429e-08
2.242775e-05 4.066e+49 1.224e+49 1.600e+51 3.280e-08
2.405120e-05 3.497e+49 9.694e+48 1.003e+51 3.137e-08
2.579246e-05 3.020e+49 7.648e+48 5.905e+50 3.011e-08
2.766005e-05 2.607e+49 5.980e+48 3.225e+50 2.889e-08
2.966313e-05 2.250e+49 4.637e+48 1.649e+50 2.767e-08
3.181151e-05 1.960e+49 3.615e+48 8.186e+49 2.670e-08
3.411570e-05 1.702e+49 2.800e+48 3.147e+49 2.562e-08
3.658701e-05 1.482e+49 2.163e+48 5.049e+48 2.465e-08
3.923752e-05 1.295e+49 1.662e+48 -4.355e+48 2.378e-08
4.208023e-05 1.129e+49 1.263e+48 -5.922e+48 2.290e-08
4.512906e-05 9.901e+48 9.621e+47 -5.171e+48 2.215e-08
4.839894e-05 8.669e+48 7.268e+47 -4.458e+48 2.140e-08
5.190588e-05 7.584e+48 5.493e+47 -3.772e+48 2.066e-08
5.566708e-05 6.665e+48 4.140e+47 -2.823e+48 2.007e-08
5.970095e-05 5.831e+48 3.065e+47 -2.109e+48 1.944e-08
6.402724e-05 5.106e+48 2.264e+47 -1.593e+48 1.889e-08
6.866715e-05 4.469e+48 1.659e+47 -1.113e+48 1.839e-08
7.364342e-05 3.893e+48 1.220e+47 -8.215e+47 1.788e-08
7.898040e-05 3.378e+48 8.895e+46 -6.212e+47 1.738e-08
8.470425e-05 2.927e+48 6.369e+46 -4.296e+47 1.695e-08
9.084300e-05 2.525e+48 4.470e+46 -2.860e+47 1.655e-08
9.742672e-05 2.166e+48 3.122e+46 -1.923e+47 1.617e-08
1.044877e-04 1.846e+48 2.219e+46 -1.273e+47 1.580e-08
1.120604e-04 1.564e+48 1.560e+46 -8.076e+46 1.546e-08
1.201820e-04 1.312e+48 1.062e+46 -5.182e+46 1.512e-08
1.288924e-04 1.095e+48 6.927e+45 -2.829e+46 1.486e-08
1.382340e-04 9.045e+47 4.539e+45 -1.075e+46 1.461e-08
1.482528e-04 7.408e+47 3.105e+45 -1.922e+45 1.441e-08
1.589977e-04 5.959e+47 2.070e+45 6.121e+44 1.414e-08
1.705215e-04 4.745e+47 1.309e+45 2.357e+45 1.393e-08
1.828805e-04 3.724e+47 7.682e+44 3.994e+45 1.375e-08
1.961353e-04 2.872e+47 4.542e+44 3.605e+45 1.356e-08
2.103508e-04 2.179e+47 2.988e+44 3.022e+45 1.341e-08
2.255966e-04 1.628e+47 1.905e+44 2.624e+45 1.332e-08
2.419475e-04 1.184e+47 1.074e+44 1.767e+45 1.316e-08
2.594835e-04 8.432e+46 5.380e+43 1.122e+45 1.305e-08
2.782905e-04 5.869e+46 2.833e+43 7.299e+44 1.297e-08
2.984606e-04 3.959e+46 1.814e+43 4.065e+44 1.284e-08
3.200927e-04 2.608e+46 1.083e+43 1.907e+44 1.279e-08
3.432926e-04 1.666e+46 5.252e+42 7.515e+43 1.277e-08
3.681741e-04 1.028e+46 1.975e+42 9.530e+42 1.274e-08
3.948590e-04 6.093e+45 8.368e+41 -2.558e+43 1.269e-08
4.234779e-04 3.485e+45 5.381e+41 -3.260e+43 1.270e-08
4.541712e-04 1.907e+45 3.003e+41 -2.665e+43 1.270e-08
4.870891e-04 9.940e+44 1.231e+41 -2.022e+43 1.268e-08
5.223929e-04 4.938e+44 2.807e+40 -1.342e+43 1.268e-08
5.602555e-04 2.341e+44 8.977e+39 -7.786e+42 1.279e-08
6.008623e-04 1.041e+44 5.772e+39 -4.211e+42 1.282e-08
6.444123e-04 4.357e+43 3.040e+39 -2.112e+42 1.288e-08
6.911188e-04 1.711e+43 1.044e+39 -9.834e+41 1.299e-08
7.412106e-04 6.239e+42 1.030e+38 -4.176e+41 1.308e-08
7.949329e-04 2.103e+42 2.204e+37 -1.623e+41 1.317e-08
8.525491e-04 6.553e+41 1.417e+37 -5.792e+40 1.332e-08
9.143412e-04 1.870e+41 7.199e+36 -1.868e+40 1.350e-08
9.806119e-04 4.838e+40 2.019e+36 -5.587e+39 1.366e-08
1.051686e-03 1.127e+40 3.199e+34 -1.503e+39 1.381e-08
1.127911e-03 2.354e+39 6.607e+33 -3.589e+38 1.400e-08
1.209662e-03 4.361e+38 4.203e+33 -7.664e+37 1.419e-08
1.297337e-03 7.116e+37 2.028e+33 -1.459e+37 1.440e-08
1.391367e-03 1.020e+37 4.200e+32 -2.451e+36 1.474e-08
1.492212e-03 1.248e+36 6.936e+28 -3.534e+35 1.495e-08
1.600367e-03 1.305e+35 5.037e+28 -4.494e+34 1.520e-08
1.716360e-03 1.151e+34 3.165e+28 -4.829e+33 1.547e-08
1.840761e-03 8.574e+32 1.434e+28 -4.429e+32 1.598e-08
1.974178e-03 5.163e+31 1.593e+27 -3.386e+31 1.626e-08
2.117265e-03 2.531e+30 1.202e+22 -2.178e+30 1.665e-08
2.270723e-03 9.848e+28 8.753e+21 -1.129e+29 1.701e-08
2.435303e-03 3.017e+27 5.434e+21 -4.764e+27 1.746e-08
2.611812e-03 7.159e+25 2.173e+21 -1.598e+26 1.806e-08
2.801114e-03 1.266e+24 4.238e+19 -4.197e+24 1.846e-08
3.004137e-03 1.661e+22 5.055e+10 -8.538e+22 1.894e-08
3.221875e-03 1.575e+20 8.589e+08 -1.295e+21 1.944e-08
3.455394e-03 1.065e+18 0.000e+00 -1.457e+19 2.017e-08
3.705838e-03 4.921e+15 0.000e+00 -1.182e+17 2.079e-08
3.974435e-03 1.522e+13 0.000e+00 -6.829e+14 2.142e-08
4.262499e-03 3.054e+10 0.000e+00 -2.694e+12 2.203e-08
4.571442e-03 3.884e+07 0.000e+00 -7.092e+09 2.281e-08
4.902777e-03 3.049e+04 0.000e+00 -1.209e+07 2.392e-08
5.258127e-03 0.000e+00 0.000e+00 5.416e+08 2.465e-08
5.639232e-03 0.000e+00 0.000e+00 1.347e+05 2.543e-08
6.047960e-03 0.000e+00 0.000e+00 0.000e+00 2.627e-08
6.486312e-03 0.000e+00 0.000e+00 0.000e+00 2.747e-08
6.956435e-03 0.000e+00 0.000e+00 0.000e+00 2.910e-08
7.460633e-03 0.000e+00 0.000e+00 0.000e+00 2.998e-08
8.001374e-03 0.000e+00 0.000e+00 0.000e+00 3.084e-08
8.581308e-03 0.000e+00 0.000e+00 0.000e+00 3.216e-08
9.203276e-03 0.000e+00 0.000e+00 0.000e+00 3.401e-08
9.870323e-03 0.000e+00 0.000e+00 0.000e+00 3.527e-08
1.058572e-02 0.000e+00 0.000e+00 0.000e+00 3.668e-08
1.135296e-02 0.000e+00 0.000e+00 0.000e+00 3.825e-08
1.217582e-02 0.000e+00 0.000e+00 0.000e+00 4.017e-08
1.305831e-02 0.000e+00 0.000e+00 0.000e+00 4.276e-08
1.400477e-02 0.000e+00 0.000e+00 0.000e+00 4.420e-08
1.501982e-02 0.000e+00 0.000e+00 0.000e+00 4.623e-08
1.610845e-02 0.000e+00 0.000e+00 0.000e+00 4.836e-08
1.727598e-02 0.000e+00 0.000e+00 0.000e+00 5.128e-08
1.852813e-02 0.000e+00 0.000e+00 0.000e+00 5.525e-08
1.987104e-02 0.000e+00 0.000e+00 0.000e+00 5.689e-08
2.131128e-02 0.000e+00 0.000e+00 0.000e+00 5.910e-08
2.285590e-02 0.000e+00 0.000e+00 0.000e+00 6.217e-08
2.451248e-02 0.000e+00 0.000e+00 0.000e+00 6.668e-08
2.628913e-02 0.000e+00 0.000e+00 0.000e+00 7.012e-08
2.819455e-02 0.000e+00 0.000e+00 0.000e+00 7.320e-08
3.023807e-02 0.000e+00 0.000e+00 0.000e+00 7.688e-08
3.242970e-02 0.000e+00 0.000e+00 0.000e+00 8.166e-08
3.478018e-02 0.000e+00 0.000e+00 0.000e+00 8.811e-08
3.730103e-02 0.000e+00 0.000e+00 0.000e+00 9.089e-08
4.000458e-02 0.000e+00 0.000e+00 0.000e+00 9.621e-08
4.290408e-02 0.000e+00 0.000e+00 0.000e+00 1.012e-07
4.601374e-02 0.000e+00 0.000e+00 0.000e+00 1.087e-07
4.934879e-02 0.000e+00 0.000e+00 0.000e+00 1.181e-07
5.292555e-02 0.000e+00 0.000e+00 0.000e+00 1.218e-07
5.676156e-02 0.000e+00 0.000e+00 0.000e+00 1.279e-07
6.087560e-02 0.000e+00 0.000e+00 0.000e+00 1.358e-07
6.528782e-02 0.000e+00 0.000e+00 0.000e+00 1.461e-07
7.001983e-02 0.000e+00 0.000e+00 0.000e+00 1.566e-07
7.509482e-02 0.000e+00 0.000e+00 0.000e+00 1.642e-07
8.053764e-02 0.000e+00 0.000e+00 0.000e+00 1.708e-07
8.637496e-02 0.000e+00 0.000e+00 0.000e+00 1.827e-07
9.263535e-02 0.000e+00 0.000e+00 0.000e+00 1.987e-07
9.934950e-02 0.000e+00 0.000e+00 0.000e+00 2.050e-07
1.065503e-01 0.000e+00 0.000e+00 0.000e+00 2.171e-07
1.142730e-01 0.000e+00 0.000e+00 0.000e+00 2.304e-07
1.225554e-01 0.000e+00 0.000e+00 0.000e+00 2.479e-07
1.314381e-01 0.000e+00 0.000e+00 0.000e+00 2.694e-07
1.409647e-01 0.000e+00 0.000e+00 0.000e+00 2.774e-07
1.511817e-01 0.000e+00 0.000e+00 0.000e+00 2.935e-07
1.621392e-01 0.000e+00 0.000e+00 0.000e+00 3.095e-07
1.738910e-01 0.000e+00 0.000e+00 0.000e+00 3.342e-07
1.864945e-01 0.000e+00 0.000e+00 0.000e+00 3.639e-07
2.000115e-01 0.000e+00 0.000e+00 0.000e+00 3.736e-07
2.145081e-01 0.000e+00 0.000e+00 0.000e+00 3.862e-07
2.300555e-01 0.000e+00 0.000e+00 0.000e+00 4.130e-07
2.467298e-01 0.000e+00 0.000e+00 0.000e+00 4.440e-07
2.646126e-01 0.000e+00 0.000e+00 0.000e+00 4.549e-07
2.837915e-01 0.000e+00 0.000e+00 0.000e+00 4.773e-07
3.043606e-01 0.000e+00 0.000e+00 0.000e+00 5.030e-07
3.264204e-01 0.000e+00 0.000e+00 0.000e+00 5.308e-07
3.500791e-01 0.000e+00 0.000e+00 0.000e+00 5.689e-07
3.754526e-01 0.000e+00 0.000e+00 0.000e+00 5.747e-07
4.026652e-01 0.000e+00 0.000e+00 0.000e+00 5.964e-07
4.318500e-01 0.000e+00 0.000e+00 0.000e+00 6.167e-07
4.631502e-01 0.000e+00 0.000e+00 0.000e+00 6.481e-07
4.967190e-01 0.000e+00 0.000e+00 0.000e+00 6.798e-07
5.327209e-01 0.000e+00 0.000e+00 0.000e+00 6.802e-07
5.713321e-01 0.000e+00 0.000e+00 0.000e+00 6.871e-07
6.127419e-01 0.000e+00 0.000e+00 0.000e+00 7.023e-07
6.571530e-01 0.000e+00 0.000e+00 0.000e+00 7.219e-07
7.047830e-01 0.000e+00 0.000e+00 0.000e+00 7.173e-07
7.558652e-01 0.000e+00 0.000e+00 0.000e+00 7.214e-07
8.106497e-01 0.000e+00 0.000e+00 0.000e+00 7.160e-07
8.694051e-01 0.000e+00 0.000e+00 0.000e+00 7.183e-07
9.324189e-01 0.000e+00 0.000e+00 0.000e+00 7.173e-07
1.000000e+00 0.000e+00 0.000e+00 0.000e+00 1.149e-06
