Photospheric1 results, Ver = 3.30 

Compilation Date = Dec 18 2014 
Compilation Time = 14:18:25 

physical parameters: 
====================

L_GRB = 1.000e+52  Tau = 2.000e+01
epsilon_e = 9.000e-01   epsilon_B = 1.000e-12 
power_law = 2.00e+00 Gamma_i = 1.500e+02 delta_t = 3.839e-02

 epsilon_d = 3.000e-01   epsilon_pl = 0.000e+00  E_m_acc = 0.000000e+00 
T0 = 1.173e-09 [erg], L_0 = 1.000e+52 [erg/s] 

collision radius = 1.727e+11 [cm] volume = 6.477e+34 [cm^3]
N_shell = 1.700e+51, number of particles within the colliding shell 
B = 1.726e+01 

Electrons minimum gb = 1.000e-03 , maximum gb(gamma*beta) = 1.220e+06 
# of electrons cells = 300 
in gb[j] = gb0*x^j , x= 1.0725e+00 

Photons minimum energy = 1.000e-14 [erg], maximum energy = 1.000e+00 [erg]
# of photon cells = 100 
in E[j] = E0*x^j , x= 1.3849e+00 

do_pairs =   1 do_annihilate =   1 do_compton =   1  

t_dyn = 3.839e-02 time_step = 3.839e-05 dt_min = 7.677e-08

Initial thermal component: 

Energy   dN_thermal 
-------------------------------
1.000e-14  3.486e+47 
1.385e-14  6.685e+47 
1.918e-14  1.282e+48 
2.656e-14  2.459e+48 
3.678e-14  4.716e+48 
5.094e-14  9.045e+48 
7.055e-14  1.735e+49 
9.770e-14  3.327e+49 
1.353e-13  6.381e+49 
1.874e-13  1.224e+50 
2.595e-13  2.347e+50 
3.594e-13  4.501e+50 
4.977e-13  8.632e+50 
6.893e-13  1.655e+51 
9.545e-13  3.174e+51 
1.322e-12  6.087e+51 
1.831e-12  1.167e+52 
2.535e-12  2.238e+52 
3.511e-12  4.290e+52 
4.863e-12  8.221e+52 
6.734e-12  1.575e+53 
9.326e-12  3.017e+53 
1.292e-11  5.776e+53 
1.789e-11  1.105e+54 
2.477e-11  2.112e+54 
3.430e-11  4.030e+54 
4.751e-11  7.676e+54 
6.579e-11  1.458e+55 
9.112e-11  2.760e+55 
1.262e-10  5.197e+55 
1.748e-10  9.714e+55 
2.420e-10  1.797e+56 
3.352e-10  3.278e+56 
4.642e-10  5.855e+56 
6.428e-10  1.015e+57 
8.902e-10  1.686e+57 
1.233e-09  2.629e+57 
1.707e-09  3.727e+57 
2.364e-09  4.584e+57 
3.275e-09  4.558e+57 
4.535e-09  3.314e+57 
6.280e-09  1.540e+57 
8.697e-09  3.856e+56 
1.205e-08  4.187e+55 
1.668e-08  1.481e+54 
2.310e-08  1.143e+52 
3.199e-08  1.088e+49 
4.431e-08  5.692e+44 
6.136e-08  5.326e+38 
8.498e-08  1.882e+30 
1.177e-07  2.921e+18 
1.630e-07  1.012e+02 
2.257e-07  1.266e-21 
3.126e-07  1.886e-53 
4.329e-07  1.225e-97 
5.995e-07  6.020e-159 
8.302e-07  5.105e-244 
1.150e-06  0.000e+00 
1.592e-06  0.000e+00 
2.205e-06  0.000e+00 
3.054e-06  0.000e+00 
4.229e-06  0.000e+00 
5.857e-06  0.000e+00 
8.111e-06  0.000e+00 
1.123e-05  0.000e+00 
1.556e-05  0.000e+00 
2.154e-05  0.000e+00 
2.984e-05  0.000e+00 
4.132e-05  0.000e+00 
5.722e-05  0.000e+00 
7.925e-05  0.000e+00 
1.097e-04  0.000e+00 
1.520e-04  0.000e+00 
2.105e-04  0.000e+00 
2.915e-04  0.000e+00 
4.037e-04  0.000e+00 
5.591e-04  0.000e+00 
7.743e-04  0.000e+00 
1.072e-03  0.000e+00 
1.485e-03  0.000e+00 
2.057e-03  0.000e+00 
2.848e-03  0.000e+00 
3.944e-03  0.000e+00 
5.462e-03  0.000e+00 
7.565e-03  0.000e+00 
1.048e-02  0.000e+00 
1.451e-02  0.000e+00 
2.009e-02  0.000e+00 
2.783e-02  0.000e+00 
3.854e-02  0.000e+00 
5.337e-02  0.000e+00 
7.391e-02  0.000e+00 
1.024e-01  0.000e+00 
1.417e-01  0.000e+00 
1.963e-01  0.000e+00 
2.719e-01  0.000e+00 
3.765e-01  0.000e+00 
5.214e-01  0.000e+00 
7.221e-01  0.000e+00 

Final spectrum
photons: E_g     N_g     dNg_dt 
-------------------------------------
1.385e-14 3.929e+48 -5.712e+50 
1.918e-14 5.519e+48 1.569e+49 
2.656e-14 6.959e+48 2.174e+50 
3.678e-14 9.065e+48 5.045e+50 
5.094e-14 1.300e+49 9.853e+50 
7.055e-14 2.073e+49 1.848e+51 
9.770e-14 3.582e+49 3.441e+51 
1.353e-13 6.485e+49 6.397e+51 
1.874e-13 1.201e+50 1.188e+52 
2.595e-13 2.242e+50 2.198e+52 
3.594e-13 4.191e+50 4.048e+52 
4.977e-13 7.818e+50 7.406e+52 
6.893e-13 1.452e+51 1.345e+53 
9.545e-13 2.683e+51 2.422e+53 
1.322e-12 4.926e+51 4.320e+53 
1.831e-12 8.982e+51 7.628e+53 
2.535e-12 1.625e+52 1.332e+54 
3.511e-12 2.915e+52 2.299e+54 
4.863e-12 5.182e+52 3.919e+54 
6.734e-12 9.123e+52 6.703e+54 
9.326e-12 1.585e+53 1.086e+55 
1.292e-11 2.735e+53 1.773e+55 
1.789e-11 4.658e+53 2.833e+55 
2.477e-11 7.823e+53 4.501e+55 
3.430e-11 1.299e+54 6.979e+55 
4.751e-11 2.129e+54 1.059e+56 
6.579e-11 3.443e+54 1.518e+56 
9.112e-11 5.467e+54 2.239e+56 
1.262e-10 8.557e+54 3.273e+56 
1.748e-10 1.309e+55 4.234e+56 
2.420e-10 1.964e+55 5.087e+56 
3.352e-10 2.885e+55 6.671e+56 
4.642e-10 4.121e+55 6.211e+56 
6.428e-10 5.690e+55 3.801e+56 
8.902e-10 7.509e+55 -1.686e+55 
1.233e-09 9.417e+55 -1.043e+57 
1.707e-09 1.105e+56 -2.130e+57 
2.364e-09 1.188e+56 -3.036e+57 
3.275e-09 1.142e+56 -3.178e+57 
4.535e-09 9.566e+55 -1.435e+57 
6.280e-09 6.939e+55 8.235e+56 
8.697e-09 4.431e+55 1.779e+57 
1.205e-08 2.526e+55 1.611e+57 
1.668e-08 1.283e+55 1.109e+57 
2.310e-08 5.582e+54 7.011e+56 
3.199e-08 2.016e+54 4.212e+56 
4.431e-08 6.110e+53 2.630e+56 
6.136e-08 1.918e+53 1.745e+56 
8.498e-08 8.291e+52 1.211e+56 
1.177e-07 5.138e+52 8.439e+55 
1.630e-07 3.306e+52 5.788e+55 
2.257e-07 2.206e+52 3.787e+55 
3.126e-07 1.517e+52 2.301e+55 
4.329e-07 1.060e+52 1.236e+55 
5.995e-07 1.036e+52 6.718e+54 
8.302e-07 4.529e+51 1.470e+54 
1.150e-06 3.173e+51 -1.115e+54 
1.592e-06 2.235e+51 -2.158e+54 
2.205e-06 1.567e+51 -2.516e+54 
3.054e-06 1.111e+51 -2.656e+54 
4.229e-06 7.887e+50 -2.714e+54 
5.857e-06 5.562e+50 -2.744e+54 
8.111e-06 3.850e+50 -2.757e+54 
1.123e-05 2.551e+50 -2.732e+54 
1.556e-05 1.442e+50 -2.602e+54 
2.154e-05 4.681e+49 -1.837e+54 
2.984e-05 2.700e+48 -2.755e+53 
4.132e-05 1.352e+47 -2.571e+52 
5.722e-05 4.011e+46 -1.890e+52 
7.925e-05 1.327e+46 -1.339e+52 
1.097e-04 4.773e+45 -8.836e+51 
1.520e-04 1.809e+45 -5.230e+51 
2.105e-04 7.110e+44 -2.601e+51 
2.915e-04 2.717e+44 -9.006e+50 
4.037e-04 9.934e+43 -2.145e+50 
5.591e-04 3.041e+43 -1.531e+49 
7.743e-04 6.860e+42 5.913e+48 
1.072e-03 9.881e+41 1.499e+48 
1.485e-03 7.215e+40 1.164e+47 
2.057e-03 1.679e+39 2.513e+45 
2.848e-03 1.116e+37 1.608e+43 
3.944e-03 1.280e+34 1.872e+40 
5.462e-03 4.171e+29 5.752e+35 
7.565e-03 3.453e+23 2.919e+29 
1.048e-02 4.752e+15 -1.348e+20 
1.451e-02 9.418e+05 2.449e+10 
2.009e-02 1.188e-17 6.813e-13 
2.783e-02 0.000e+00 4.207e-33 
3.854e-02 0.000e+00 3.008e-67 
5.337e-02 0.000e+00 0.000e+00 
7.391e-02 0.000e+00 0.000e+00 
1.024e-01 0.000e+00 0.000e+00 
1.417e-01 0.000e+00 0.000e+00 
1.963e-01 0.000e+00 0.000e+00 
2.719e-01 0.000e+00 0.000e+00 
3.765e-01 0.000e+00 0.000e+00 
5.214e-01 0.000e+00 0.000e+00 
7.221e-01 0.000e+00 0.000e+00 
1.000e+00 0.000e+00 0.000e+00 

Electron distribution

 electrons: E_e     N_e    N_pos    dNe_dt    dt
-------------------------------------
8.198105e-07 0.000e+00 0.000e+00 6.380e+48 -6.385e-12
8.198105e-07 9.385e+37 0.000e+00 -6.821e+48 -7.353e-12
8.198106e-07 1.710e+38 0.000e+00 -2.449e+48 -8.451e-12
8.198107e-07 2.431e+38 0.000e+00 -1.174e+47 -9.695e-12
8.198108e-07 2.904e+38 0.000e+00 3.958e+48 -1.117e-11
8.198109e-07 3.200e+38 0.000e+00 6.590e+48 -1.284e-11
8.198111e-07 3.469e+38 0.000e+00 7.819e+48 -1.480e-11
8.198113e-07 3.750e+38 0.000e+00 8.644e+48 -1.702e-11
8.198114e-07 6.445e+38 0.000e+00 -3.606e+48 -1.957e-11
8.198117e-07 1.052e+39 1.160e+17 -7.457e+48 -2.249e-11
8.198119e-07 1.450e+39 8.799e+32 -3.554e+48 -2.589e-11
8.198122e-07 5.800e+48 5.800e+48 3.349e+51 -2.973e-11
8.198125e-07 5.805e+48 5.805e+48 -8.543e+53 -3.423e-11
8.198129e-07 5.817e+48 5.817e+48 -6.961e+55 -3.943e-11
8.198133e-07 5.881e+48 5.881e+48 -1.469e+57 -4.537e-11
8.198138e-07 6.375e+48 6.375e+48 -1.038e+58 -5.209e-11
8.198144e-07 1.459e+49 1.459e+49 -3.534e+58 -5.978e-11
8.198151e-07 1.759e+49 1.759e+49 -4.612e+58 -6.888e-11
8.198159e-07 2.741e+49 2.741e+49 -3.675e+58 -7.913e-11
8.198167e-07 2.653e+49 2.653e+49 5.049e+57 -9.097e-11
8.198177e-07 3.786e+49 3.786e+49 1.061e+58 -1.048e-10
8.198189e-07 2.743e+49 2.743e+49 4.642e+58 -1.206e-10
8.198202e-07 2.805e+49 2.805e+49 5.277e+58 -1.386e-10
8.198218e-07 2.969e+49 2.969e+49 4.127e+58 -1.590e-10
8.198236e-07 3.292e+49 3.292e+49 2.906e+58 -1.830e-10
8.198256e-07 3.599e+49 3.599e+49 3.615e+58 -2.104e-10
8.198279e-07 3.266e+49 3.266e+49 4.647e+58 -2.421e-10
8.198306e-07 4.559e+49 4.559e+49 4.469e+58 -2.787e-10
8.198337e-07 3.365e+49 3.365e+49 5.234e+58 -3.198e-10
8.198373e-07 3.797e+49 3.797e+49 4.677e+58 -3.689e-10
8.198414e-07 1.678e+50 1.678e+50 -6.104e+58 -4.247e-10
8.198461e-07 2.235e+50 2.235e+50 -7.301e+58 -4.873e-10
8.198515e-07 2.751e+50 2.751e+50 -2.963e+58 -5.602e-10
8.198578e-07 3.316e+50 3.316e+50 -6.363e+57 -6.471e-10
8.198649e-07 7.688e+50 7.688e+50 -1.146e+57 -7.453e-10
8.198732e-07 9.349e+50 9.349e+50 -5.454e+57 -8.573e-10
8.198827e-07 1.160e+51 1.160e+51 -3.651e+58 -9.862e-10
8.198936e-07 1.415e+51 1.415e+51 -1.231e+59 -1.142e-09
8.199062e-07 2.425e+51 2.425e+51 -2.227e+59 -1.316e-09
8.199206e-07 3.499e+51 3.499e+51 -2.283e+59 -1.525e-09
8.199372e-07 4.231e+51 4.231e+51 -1.280e+59 -1.756e-09
8.199563e-07 5.322e+51 5.322e+51 -7.705e+58 -2.031e-09
8.199783e-07 5.738e+51 5.738e+51 1.240e+59 -2.356e-09
8.200036e-07 6.822e+51 6.822e+51 3.077e+59 -2.728e-09
8.200327e-07 7.740e+51 7.740e+51 3.109e+59 -3.152e-09
8.200661e-07 8.209e+51 8.209e+51 3.942e+59 -3.666e-09
8.201046e-07 9.197e+51 9.197e+51 4.913e+59 -4.257e-09
8.201488e-07 1.033e+52 1.033e+52 5.426e+59 -4.970e-09
8.201997e-07 1.114e+52 1.114e+52 6.254e+59 -5.792e-09
8.202582e-07 1.266e+52 1.266e+52 7.012e+59 -6.735e-09
8.203255e-07 2.264e+52 2.264e+52 -4.893e+59 -7.970e-09
8.204029e-07 3.879e+52 3.879e+52 -8.040e+59 -9.334e-09
8.204919e-07 5.548e+52 5.548e+52 -3.619e+59 -1.108e-08
8.205943e-07 7.123e+52 7.123e+52 -8.102e+58 -1.325e-08
8.207120e-07 9.346e+52 9.346e+52 -1.040e+58 -1.574e-08
8.208475e-07 1.197e+53 1.197e+53 -7.460e+56 -1.896e-08
8.210032e-07 1.555e+53 1.555e+53 9.344e+55 -2.330e-08
8.211823e-07 2.107e+53 2.107e+53 1.568e+56 -2.859e-08
8.213882e-07 2.831e+53 2.831e+53 2.343e+56 -3.595e-08
8.216250e-07 3.906e+53 3.906e+53 2.930e+56 -4.613e-08
8.218973e-07 5.573e+53 5.573e+53 4.585e+56 -6.135e-08
8.222103e-07 8.403e+53 8.403e+53 7.627e+56 -8.664e-08
8.225703e-07 1.375e+54 1.375e+54 1.218e+57 -1.304e-07
8.229841e-07 2.856e+54 2.856e+54 2.932e+57 -2.505e-07
8.234599e-07 6.032e+60 6.011e+60 3.279e+64 -1.183e-06
8.240067e-07 2.564e+60 2.556e+60 9.760e+63 4.996e-07
8.246353e-07 8.297e+57 8.296e+57 -7.333e+61 2.091e-07
8.253577e-07 4.892e+57 4.892e+57 -4.273e+61 1.420e-07
8.261878e-07 3.261e+57 3.261e+57 -2.829e+61 1.089e-07
8.271415e-07 2.402e+57 2.402e+57 -2.075e+61 9.227e-08
8.282372e-07 1.814e+57 1.814e+57 -1.562e+61 8.011e-08
8.294957e-07 1.427e+57 1.427e+57 -1.226e+61 7.247e-08
8.309408e-07 1.141e+57 1.141e+57 -9.785e+60 6.662e-08
8.325999e-07 9.298e+56 9.298e+56 -7.957e+60 6.235e-08
8.345042e-07 7.667e+56 7.667e+56 -6.552e+60 5.906e-08
8.366892e-07 6.356e+56 6.356e+56 -5.425e+60 5.623e-08
8.391953e-07 5.328e+56 5.328e+56 -4.543e+60 5.411e-08
8.420686e-07 4.494e+56 4.494e+56 -3.829e+60 5.238e-08
8.453615e-07 3.798e+56 3.797e+56 -3.233e+60 5.078e-08
8.491332e-07 3.227e+56 3.227e+56 -2.746e+60 4.947e-08
8.534509e-07 2.748e+56 2.747e+56 -2.337e+60 4.829e-08
8.583903e-07 2.351e+56 2.351e+56 -2.000e+60 4.734e-08
8.640367e-07 2.010e+56 2.010e+56 -1.710e+60 4.633e-08
8.704860e-07 1.726e+56 1.726e+56 -1.469e+60 4.553e-08
8.778454e-07 1.482e+56 1.482e+56 -1.263e+60 4.473e-08
8.862348e-07 1.274e+56 1.274e+56 -1.087e+60 4.395e-08
8.957872e-07 1.097e+56 1.097e+56 -9.377e+59 4.322e-08
9.066500e-07 9.446e+55 9.446e+55 -8.094e+59 4.247e-08
9.189857e-07 8.135e+55 8.135e+55 -6.990e+59 4.170e-08
9.329728e-07 7.016e+55 7.016e+55 -6.051e+59 4.098e-08
9.488060e-07 6.052e+55 6.051e+55 -5.242e+59 4.023e-08
9.666968e-07 5.213e+55 5.213e+55 -4.540e+59 3.942e-08
9.868741e-07 4.490e+55 4.490e+55 -3.936e+59 3.859e-08
1.009584e-06 3.861e+55 3.861e+55 -3.412e+59 3.769e-08
1.035089e-06 3.322e+55 3.322e+55 -2.963e+59 3.680e-08
1.063669e-06 2.854e+55 2.854e+55 -2.574e+59 3.586e-08
1.095620e-06 2.449e+55 2.449e+55 -2.237e+59 3.488e-08
1.131256e-06 2.098e+55 2.098e+55 -1.944e+59 3.384e-08
1.170904e-06 1.795e+55 1.795e+55 -1.689e+59 3.277e-08
1.214909e-06 1.535e+55 1.535e+55 -1.470e+59 3.170e-08
1.263630e-06 1.310e+55 1.310e+55 -1.278e+59 3.057e-08
1.317444e-06 1.116e+55 1.116e+55 -1.112e+59 2.944e-08
1.376742e-06 9.490e+54 9.490e+54 -9.677e+58 2.830e-08
1.441935e-06 8.077e+54 8.077e+54 -8.420e+58 2.715e-08
1.513453e-06 6.860e+54 6.860e+54 -7.325e+58 2.600e-08
1.591744e-06 5.817e+54 5.817e+54 -6.373e+58 2.487e-08
1.677283e-06 4.923e+54 4.923e+54 -5.539e+58 2.373e-08
1.770568e-06 4.163e+54 4.163e+54 -4.818e+58 2.263e-08
1.872126e-06 3.514e+54 3.514e+54 -4.187e+58 2.154e-08
1.982516e-06 2.962e+54 2.962e+54 -3.639e+58 2.049e-08
2.102333e-06 2.500e+54 2.500e+54 -3.164e+58 1.948e-08
2.232208e-06 2.101e+54 2.101e+54 -2.745e+58 1.848e-08
2.372818e-06 1.767e+54 1.767e+54 -2.382e+58 1.753e-08
2.524885e-06 1.484e+54 1.484e+54 -2.066e+58 1.662e-08
2.689181e-06 1.244e+54 1.244e+54 -1.791e+58 1.575e-08
2.866535e-06 1.042e+54 1.042e+54 -1.553e+58 1.493e-08
3.057837e-06 8.712e+53 8.712e+53 -1.343e+58 1.414e-08
3.264038e-06 7.288e+53 7.287e+53 -1.162e+58 1.340e-08
3.486164e-06 6.080e+53 6.079e+53 -1.004e+58 1.268e-08
3.725313e-06 5.060e+53 5.060e+53 -8.678e+57 1.201e-08
3.982667e-06 4.198e+53 4.198e+53 -7.618e+57 1.138e-08
4.259494e-06 3.485e+53 3.484e+53 -8.277e+57 1.078e-08
4.557156e-06 2.889e+53 2.889e+53 -2.312e+58 1.023e-08
4.877116e-06 2.385e+53 2.385e+53 -1.290e+59 9.701e-09
5.220947e-06 1.946e+53 1.946e+53 -6.290e+59 9.193e-09
5.590335e-06 1.539e+53 1.539e+53 -2.106e+60 8.728e-09
5.987093e-06 1.085e+53 1.085e+53 -4.170e+60 8.285e-09
6.413168e-06 5.527e+52 5.527e+52 -3.396e+60 7.870e-09
6.870646e-06 1.629e+52 1.629e+52 1.056e+60 7.486e-09
7.361773e-06 1.442e+52 1.442e+52 9.161e+59 7.120e-09
7.888953e-06 1.250e+52 1.250e+52 8.225e+59 6.775e-09
8.454770e-06 1.122e+52 1.122e+52 7.458e+59 6.453e-09
9.061998e-06 1.019e+52 1.019e+52 6.174e+59 6.154e-09
9.713610e-06 8.703e+51 8.703e+51 4.954e+59 5.872e-09
1.041280e-05 7.153e+51 7.153e+51 4.027e+59 5.605e-09
1.116299e-05 5.818e+51 5.818e+51 3.248e+59 5.355e-09
1.196786e-05 4.789e+51 4.789e+51 2.420e+59 5.119e-09
1.283135e-05 3.828e+51 3.828e+51 1.620e+59 4.903e-09
1.375769e-05 2.825e+51 2.825e+51 1.037e+59 4.690e-09
1.475141e-05 1.941e+51 1.941e+51 6.906e+58 4.497e-09
1.581739e-05 1.322e+51 1.322e+51 4.342e+58 4.320e-09
1.696085e-05 9.189e+50 9.188e+50 2.236e+58 4.155e-09
1.818739e-05 5.894e+50 5.893e+50 1.057e+58 3.986e-09
1.950301e-05 3.501e+50 3.501e+50 6.757e+57 3.843e-09
2.091416e-05 1.986e+50 1.985e+50 5.885e+57 3.703e-09
2.242775e-05 1.316e+50 1.315e+50 4.667e+57 3.573e-09
2.405120e-05 9.577e+49 9.567e+49 3.723e+57 3.444e-09
2.579246e-05 7.149e+49 7.137e+49 3.261e+57 3.333e-09
2.766005e-05 5.608e+49 5.594e+49 2.987e+57 3.226e-09
2.966313e-05 4.620e+49 4.605e+49 2.705e+57 3.118e-09
3.181151e-05 4.019e+49 4.002e+49 2.362e+57 3.032e-09
3.411570e-05 3.529e+49 3.509e+49 1.990e+57 2.937e-09
3.658701e-05 3.091e+49 3.068e+49 1.679e+57 2.850e-09
3.923752e-05 2.683e+49 2.657e+49 1.456e+57 2.773e-09
4.208023e-05 2.306e+49 2.276e+49 1.273e+57 2.696e-09
4.512906e-05 2.005e+49 1.971e+49 1.095e+57 2.632e-09
4.839894e-05 1.741e+49 1.704e+49 9.175e+56 2.564e-09
5.190588e-05 1.517e+49 1.475e+49 7.741e+56 2.500e-09
5.566708e-05 1.316e+49 1.269e+49 6.740e+56 2.449e-09
5.970095e-05 1.131e+49 1.078e+49 5.905e+56 2.394e-09
6.402724e-05 9.805e+48 9.221e+48 5.091e+56 2.348e-09
6.866715e-05 8.533e+48 7.885e+48 4.330e+56 2.307e-09
7.364342e-05 7.456e+48 6.740e+48 3.742e+56 2.264e-09
7.898040e-05 6.491e+48 5.705e+48 3.350e+56 2.221e-09
8.470425e-05 5.663e+48 4.801e+48 3.046e+56 2.188e-09
9.084300e-05 4.960e+48 4.022e+48 2.723e+56 2.154e-09
9.742672e-05 4.390e+48 3.375e+48 2.424e+56 2.123e-09
1.044877e-04 3.925e+48 2.836e+48 2.222e+56 2.092e-09
1.120604e-04 3.528e+48 2.363e+48 2.127e+56 2.068e-09
1.201820e-04 3.185e+48 1.947e+48 2.051e+56 2.042e-09
1.288924e-04 2.908e+48 1.593e+48 1.947e+56 2.025e-09
1.382340e-04 2.697e+48 1.307e+48 1.822e+56 2.006e-09
1.482528e-04 2.559e+48 1.081e+48 1.654e+56 1.997e-09
1.589977e-04 2.353e+48 8.764e+47 1.606e+56 1.976e-09
1.705215e-04 2.225e+48 7.038e+47 1.743e+56 1.967e-09
1.828805e-04 2.150e+48 5.588e+47 1.804e+56 1.958e-09
1.961353e-04 2.110e+48 4.451e+47 1.606e+56 1.947e-09
2.103508e-04 2.018e+48 3.597e+47 1.310e+56 1.944e-09
2.255966e-04 1.890e+48 2.851e+47 1.344e+56 1.946e-09
2.419475e-04 1.824e+48 2.195e+47 1.434e+56 1.941e-09
2.594835e-04 1.760e+48 1.673e+47 1.293e+56 1.943e-09
2.782905e-04 1.682e+48 1.294e+47 1.009e+56 1.946e-09
2.984606e-04 1.550e+48 1.012e+47 9.010e+55 1.943e-09
3.200927e-04 1.437e+48 7.656e+46 8.231e+55 1.951e-09
3.432926e-04 1.326e+48 5.568e+46 7.150e+55 1.967e-09
3.681741e-04 1.208e+48 3.964e+46 6.014e+55 1.979e-09
3.948590e-04 1.085e+48 2.954e+46 4.926e+55 1.987e-09
4.234779e-04 9.657e+47 2.249e+46 3.976e+55 2.006e-09
4.541712e-04 8.431e+47 1.597e+46 3.135e+55 2.021e-09
4.870891e-04 7.231e+47 1.053e+46 2.403e+55 2.037e-09
5.223929e-04 6.102e+47 6.683e+45 1.779e+55 2.058e-09
5.602555e-04 5.084e+47 4.898e+45 1.275e+55 2.089e-09
6.008623e-04 4.127e+47 3.594e+45 8.747e+54 2.110e-09
6.444123e-04 3.281e+47 2.360e+45 5.764e+54 2.136e-09
6.911188e-04 2.568e+47 1.353e+45 3.604e+54 2.181e-09
7.412106e-04 1.945e+47 7.001e+44 2.054e+54 2.210e-09
7.949329e-04 1.435e+47 5.153e+44 1.050e+54 2.239e-09
8.525491e-04 1.035e+47 3.707e+44 4.482e+53 2.283e-09
9.143412e-04 7.256e+46 2.251e+44 1.099e+53 2.332e-09
9.806119e-04 4.913e+46 1.017e+44 -5.750e+52 2.380e-09
1.051686e-03 3.211e+46 3.504e+43 -1.191e+53 2.427e-09
1.127911e-03 2.023e+46 2.781e+43 -1.216e+53 2.475e-09
1.209662e-03 1.226e+46 1.970e+43 -9.815e+52 2.527e-09
1.297337e-03 7.154e+45 1.107e+43 -7.013e+52 2.594e-09
1.391367e-03 3.996e+45 3.523e+42 -4.617e+52 2.668e-09
1.492212e-03 2.109e+45 5.776e+41 -2.778e+52 2.725e-09
1.600367e-03 1.059e+45 4.887e+41 -1.527e+52 2.790e-09
1.716360e-03 5.044e+44 3.428e+41 -7.711e+51 2.865e-09
1.840761e-03 2.301e+44 1.827e+41 -3.718e+51 2.991e-09
1.974178e-03 9.628e+43 3.396e+40 -1.655e+51 3.058e-09
2.117265e-03 3.780e+43 2.730e+39 -6.786e+50 3.145e-09
2.270723e-03 1.376e+43 2.428e+39 -2.540e+50 3.233e-09
2.435303e-03 4.668e+42 1.712e+39 -8.699e+49 3.352e-09
2.611812e-03 1.462e+42 8.283e+38 -2.750e+49 3.494e-09
2.801114e-03 4.105e+41 3.561e+37 -7.886e+48 3.585e-09
3.004137e-03 1.050e+41 2.139e+36 -2.029e+48 3.700e-09
3.221875e-03 2.421e+40 2.010e+36 -4.633e+47 3.827e-09
3.455394e-03 5.044e+39 1.422e+36 -9.385e+46 4.010e-09
3.705838e-03 9.157e+38 5.869e+35 -1.688e+46 4.137e-09
3.974435e-03 1.464e+38 4.236e+31 -2.632e+45 4.293e-09
4.262499e-03 2.026e+37 5.071e+31 -3.543e+44 4.442e-09
4.571442e-03 2.425e+36 4.579e+31 -4.006e+43 4.634e-09
4.902777e-03 2.498e+35 3.251e+31 -3.729e+42 4.905e-09
5.258127e-03 2.113e+34 9.477e+30 -3.009e+41 5.063e-09
5.639232e-03 1.483e+33 2.219e+25 -1.972e+40 5.244e-09
6.047960e-03 8.522e+31 2.811e+25 -1.031e+39 5.450e-09
6.486312e-03 3.983e+30 2.741e+25 -4.044e+37 5.744e-09
6.956435e-03 1.486e+29 1.872e+25 -1.129e+36 6.122e-09
7.460633e-03 4.211e+27 1.531e+24 -2.716e+34 6.319e-09
8.001374e-03 9.118e+25 1.898e+17 -4.720e+32 6.529e-09
8.581308e-03 1.494e+24 2.502e+17 -4.718e+30 6.846e-09
9.203276e-03 1.814e+22 2.570e+17 -6.669e+27 7.291e-09
9.870323e-03 1.551e+20 1.560e+17 1.813e+26 7.555e-09
1.058572e-02 9.557e+17 0.000e+00 -9.930e+18 7.901e-09
1.135296e-02 3.989e+15 0.000e+00 -4.188e+16 8.271e-09
1.217582e-02 1.116e+13 0.000e+00 -1.190e+14 8.748e-09
1.305831e-02 2.039e+10 0.000e+00 -2.205e+11 9.373e-09
1.400477e-02 2.242e+07 0.000e+00 -2.430e+08 9.695e-09
1.501982e-02 1.509e+04 0.000e+00 -1.678e+05 1.019e-08
1.610845e-02 0.000e+00 0.000e+00 5.330e+08 1.069e-08
1.727598e-02 0.000e+00 0.000e+00 1.109e+05 1.139e-08
1.852813e-02 0.000e+00 0.000e+00 0.000e+00 1.233e-08
1.987104e-02 0.000e+00 0.000e+00 0.000e+00 1.272e-08
2.131128e-02 0.000e+00 0.000e+00 0.000e+00 1.322e-08
2.285590e-02 0.000e+00 0.000e+00 0.000e+00 1.398e-08
2.451248e-02 0.000e+00 0.000e+00 0.000e+00 1.506e-08
2.628913e-02 0.000e+00 0.000e+00 0.000e+00 1.579e-08
2.819455e-02 0.000e+00 0.000e+00 0.000e+00 1.657e-08
3.023807e-02 0.000e+00 0.000e+00 0.000e+00 1.748e-08
3.242970e-02 0.000e+00 0.000e+00 0.000e+00 1.865e-08
3.478018e-02 0.000e+00 0.000e+00 0.000e+00 2.021e-08
3.730103e-02 0.000e+00 0.000e+00 0.000e+00 2.087e-08
4.000458e-02 0.000e+00 0.000e+00 0.000e+00 2.214e-08
4.290408e-02 0.000e+00 0.000e+00 0.000e+00 2.336e-08
4.601374e-02 0.000e+00 0.000e+00 0.000e+00 2.516e-08
4.934879e-02 0.000e+00 0.000e+00 0.000e+00 2.745e-08
5.292555e-02 0.000e+00 0.000e+00 0.000e+00 2.837e-08
5.676156e-02 0.000e+00 0.000e+00 0.000e+00 2.977e-08
6.087560e-02 0.000e+00 0.000e+00 0.000e+00 3.177e-08
6.528782e-02 0.000e+00 0.000e+00 0.000e+00 3.436e-08
7.001983e-02 0.000e+00 0.000e+00 0.000e+00 3.662e-08
7.509482e-02 0.000e+00 0.000e+00 0.000e+00 3.864e-08
8.053764e-02 0.000e+00 0.000e+00 0.000e+00 4.048e-08
8.637496e-02 0.000e+00 0.000e+00 0.000e+00 4.345e-08
9.263535e-02 0.000e+00 0.000e+00 0.000e+00 4.744e-08
9.934950e-02 0.000e+00 0.000e+00 0.000e+00 4.908e-08
1.065503e-01 0.000e+00 0.000e+00 0.000e+00 5.219e-08
1.142730e-01 0.000e+00 0.000e+00 0.000e+00 5.557e-08
1.225554e-01 0.000e+00 0.000e+00 0.000e+00 6.026e-08
1.314381e-01 0.000e+00 0.000e+00 0.000e+00 6.591e-08
1.409647e-01 0.000e+00 0.000e+00 0.000e+00 6.814e-08
1.511817e-01 0.000e+00 0.000e+00 0.000e+00 7.251e-08
1.621392e-01 0.000e+00 0.000e+00 0.000e+00 7.706e-08
1.738910e-01 0.000e+00 0.000e+00 0.000e+00 8.391e-08
1.864945e-01 0.000e+00 0.000e+00 0.000e+00 9.236e-08
2.000115e-01 0.000e+00 0.000e+00 0.000e+00 9.560e-08
2.145081e-01 0.000e+00 0.000e+00 0.000e+00 9.966e-08
2.300555e-01 0.000e+00 0.000e+00 0.000e+00 1.079e-07
2.467298e-01 0.000e+00 0.000e+00 0.000e+00 1.181e-07
2.646126e-01 0.000e+00 0.000e+00 0.000e+00 1.223e-07
2.837915e-01 0.000e+00 0.000e+00 0.000e+00 1.305e-07
3.043606e-01 0.000e+00 0.000e+00 0.000e+00 1.403e-07
3.264204e-01 0.000e+00 0.000e+00 0.000e+00 1.515e-07
3.500791e-01 0.000e+00 0.000e+00 0.000e+00 1.672e-07
3.754526e-01 0.000e+00 0.000e+00 0.000e+00 1.723e-07
4.026652e-01 0.000e+00 0.000e+00 0.000e+00 1.840e-07
4.318500e-01 0.000e+00 0.000e+00 0.000e+00 1.962e-07
4.631502e-01 0.000e+00 0.000e+00 0.000e+00 2.153e-07
4.967190e-01 0.000e+00 0.000e+00 0.000e+00 2.370e-07
5.327209e-01 0.000e+00 0.000e+00 0.000e+00 2.451e-07
5.713321e-01 0.000e+00 0.000e+00 0.000e+00 2.574e-07
6.127419e-01 0.000e+00 0.000e+00 0.000e+00 2.787e-07
6.571530e-01 0.000e+00 0.000e+00 0.000e+00 3.060e-07
7.047830e-01 0.000e+00 0.000e+00 0.000e+00 3.192e-07
7.558652e-01 0.000e+00 0.000e+00 0.000e+00 3.426e-07
8.106497e-01 0.000e+00 0.000e+00 0.000e+00 3.638e-07
8.694051e-01 0.000e+00 0.000e+00 0.000e+00 3.970e-07
9.324189e-01 0.000e+00 0.000e+00 0.000e+00 4.360e-07
1.000000e+00 0.000e+00 0.000e+00 0.000e+00 1.448e-01
