Photospheric1 results, Ver = 3.30 

Compilation Date = Dec 18 2014 
Compilation Time = 14:18:25 

physical parameters: 
====================

L_GRB = 1.000e+52  Tau = 2.000e+01
epsilon_e = 9.000e-01   epsilon_B = 1.000e-12 
power_law = 2.00e+00 Gamma_i = 1.500e+02 delta_t = 3.839e-02

 epsilon_d = 5.000e-01   epsilon_pl = 0.000e+00  E_m_acc = 0.000000e+00 
T0 = 1.173e-09 [erg], L_0 = 1.000e+52 [erg/s] 

collision radius = 1.727e+11 [cm] volume = 6.477e+34 [cm^3]
N_shell = 1.700e+51, number of particles within the colliding shell 
B = 2.228e+01 

Electrons minimum gb = 1.000e-03 , maximum gb(gamma*beta) = 1.220e+06 
# of electrons cells = 300 
in gb[j] = gb0*x^j , x= 1.0725e+00 

Photons minimum energy = 1.000e-14 [erg], maximum energy = 1.000e+00 [erg]
# of photon cells = 100 
in E[j] = E0*x^j , x= 1.3849e+00 

do_pairs =   1 do_annihilate =   1 do_compton =   1  

t_dyn = 3.839e-02 time_step = 3.839e-05 dt_min = 7.677e-08

Initial thermal component: 

Energy   dN_thermal 
-------------------------------
1.000e-14  3.486e+47 
1.385e-14  6.685e+47 
1.918e-14  1.282e+48 
2.656e-14  2.459e+48 
3.678e-14  4.716e+48 
5.094e-14  9.045e+48 
7.055e-14  1.735e+49 
9.770e-14  3.327e+49 
1.353e-13  6.381e+49 
1.874e-13  1.224e+50 
2.595e-13  2.347e+50 
3.594e-13  4.501e+50 
4.977e-13  8.632e+50 
6.893e-13  1.655e+51 
9.545e-13  3.174e+51 
1.322e-12  6.087e+51 
1.831e-12  1.167e+52 
2.535e-12  2.238e+52 
3.511e-12  4.290e+52 
4.863e-12  8.221e+52 
6.734e-12  1.575e+53 
9.326e-12  3.017e+53 
1.292e-11  5.776e+53 
1.789e-11  1.105e+54 
2.477e-11  2.112e+54 
3.430e-11  4.030e+54 
4.751e-11  7.676e+54 
6.579e-11  1.458e+55 
9.112e-11  2.760e+55 
1.262e-10  5.197e+55 
1.748e-10  9.714e+55 
2.420e-10  1.797e+56 
3.352e-10  3.278e+56 
4.642e-10  5.855e+56 
6.428e-10  1.015e+57 
8.902e-10  1.686e+57 
1.233e-09  2.629e+57 
1.707e-09  3.727e+57 
2.364e-09  4.584e+57 
3.275e-09  4.558e+57 
4.535e-09  3.314e+57 
6.280e-09  1.540e+57 
8.697e-09  3.856e+56 
1.205e-08  4.187e+55 
1.668e-08  1.481e+54 
2.310e-08  1.143e+52 
3.199e-08  1.088e+49 
4.431e-08  5.692e+44 
6.136e-08  5.326e+38 
8.498e-08  1.882e+30 
1.177e-07  2.921e+18 
1.630e-07  1.012e+02 
2.257e-07  1.266e-21 
3.126e-07  1.886e-53 
4.329e-07  1.225e-97 
5.995e-07  6.020e-159 
8.302e-07  5.105e-244 
1.150e-06  0.000e+00 
1.592e-06  0.000e+00 
2.205e-06  0.000e+00 
3.054e-06  0.000e+00 
4.229e-06  0.000e+00 
5.857e-06  0.000e+00 
8.111e-06  0.000e+00 
1.123e-05  0.000e+00 
1.556e-05  0.000e+00 
2.154e-05  0.000e+00 
2.984e-05  0.000e+00 
4.132e-05  0.000e+00 
5.722e-05  0.000e+00 
7.925e-05  0.000e+00 
1.097e-04  0.000e+00 
1.520e-04  0.000e+00 
2.105e-04  0.000e+00 
2.915e-04  0.000e+00 
4.037e-04  0.000e+00 
5.591e-04  0.000e+00 
7.743e-04  0.000e+00 
1.072e-03  0.000e+00 
1.485e-03  0.000e+00 
2.057e-03  0.000e+00 
2.848e-03  0.000e+00 
3.944e-03  0.000e+00 
5.462e-03  0.000e+00 
7.565e-03  0.000e+00 
1.048e-02  0.000e+00 
1.451e-02  0.000e+00 
2.009e-02  0.000e+00 
2.783e-02  0.000e+00 
3.854e-02  0.000e+00 
5.337e-02  0.000e+00 
7.391e-02  0.000e+00 
1.024e-01  0.000e+00 
1.417e-01  0.000e+00 
1.963e-01  0.000e+00 
2.719e-01  0.000e+00 
3.765e-01  0.000e+00 
5.214e-01  0.000e+00 
7.221e-01  0.000e+00 

Final spectrum
photons: E_g     N_g     dNg_dt 
-------------------------------------
1.385e-14 1.069e+49 -1.067e+51 
1.918e-14 1.914e+49 1.021e+51 
2.656e-14 3.059e+49 2.457e+51 
3.678e-14 4.905e+49 4.836e+51 
5.094e-14 8.125e+49 8.858e+51 
7.055e-14 1.386e+50 1.575e+52 
9.770e-14 2.411e+50 2.754e+52 
1.353e-13 4.229e+50 4.764e+52 
1.874e-13 7.427e+50 8.160e+52 
2.595e-13 1.300e+51 1.384e+53 
3.594e-13 2.264e+51 2.326e+53 
4.977e-13 3.914e+51 3.868e+53 
6.893e-13 6.713e+51 6.365e+53 
9.545e-13 1.141e+52 1.036e+54 
1.322e-12 1.924e+52 1.668e+54 
1.831e-12 3.212e+52 2.653e+54 
2.535e-12 5.313e+52 4.172e+54 
3.511e-12 8.703e+52 6.482e+54 
4.863e-12 1.411e+53 9.940e+54 
6.734e-12 2.266e+53 1.457e+55 
9.326e-12 3.597e+53 2.338e+55 
1.292e-11 5.715e+53 3.364e+55 
1.789e-11 8.958e+53 5.148e+55 
2.477e-11 1.393e+54 7.193e+55 
3.430e-11 2.139e+54 1.033e+56 
4.751e-11 3.251e+54 1.452e+56 
6.579e-11 4.886e+54 1.990e+56 
9.112e-11 7.261e+54 2.666e+56 
1.262e-10 1.066e+55 3.192e+56 
1.748e-10 1.538e+55 4.188e+56 
2.420e-10 2.174e+55 5.438e+56 
3.352e-10 3.033e+55 5.285e+56 
4.642e-10 4.136e+55 3.309e+56 
6.428e-10 5.464e+55 1.558e+56 
8.902e-10 6.974e+55 -4.331e+56 
1.233e-09 8.558e+55 -1.157e+57 
1.707e-09 9.956e+55 -2.523e+57 
2.364e-09 1.075e+56 -3.941e+57 
3.275e-09 1.050e+56 -3.178e+57 
4.535e-09 9.253e+55 -1.386e+57 
6.280e-09 7.323e+55 7.985e+56 
8.697e-09 5.238e+55 2.015e+57 
1.205e-08 3.424e+55 2.059e+57 
1.668e-08 2.006e+55 1.548e+57 
2.310e-08 1.002e+55 1.081e+57 
3.199e-08 4.080e+54 6.779e+56 
4.431e-08 1.300e+54 4.312e+56 
6.136e-08 3.499e+53 2.693e+56 
8.498e-08 1.146e+53 1.793e+56 
1.177e-07 6.540e+52 1.209e+56 
1.630e-07 4.204e+52 8.099e+55 
2.257e-07 2.834e+52 5.169e+55 
3.126e-07 1.965e+52 3.022e+55 
4.329e-07 1.382e+52 1.514e+55 
5.995e-07 1.393e+52 9.545e+54 
8.302e-07 5.921e+51 4.016e+52 
1.150e-06 4.202e+51 -3.576e+54 
1.592e-06 2.992e+51 -4.889e+54 
2.205e-06 2.120e+51 -5.177e+54 
3.054e-06 1.512e+51 -5.165e+54 
4.229e-06 1.074e+51 -5.056e+54 
5.857e-06 7.499e+50 -4.907e+54 
8.111e-06 5.043e+50 -4.701e+54 
1.123e-05 3.118e+50 -4.385e+54 
1.556e-05 1.394e+50 -3.684e+54 
2.154e-05 1.888e+49 -1.292e+54 
2.984e-05 4.781e+47 -6.821e+52 
4.132e-05 1.190e+47 -4.409e+52 
5.722e-05 3.818e+46 -3.347e+52 
7.925e-05 1.403e+46 -2.501e+52 
1.097e-04 5.725e+45 -1.810e+52 
1.520e-04 2.525e+45 -1.243e+52 
2.105e-04 1.190e+45 -8.074e+51 
2.915e-04 5.713e+44 -4.660e+51 
4.037e-04 2.806e+44 -2.248e+51 
5.591e-04 1.293e+44 -8.361e+50 
7.743e-04 5.195e+43 -2.236e+50 
1.072e-03 1.645e+43 -3.638e+49 
1.485e-03 3.542e+42 -2.343e+48 
2.057e-03 3.880e+41 1.110e+47 
2.848e-03 1.969e+40 1.411e+46 
3.944e-03 3.422e+38 2.928e+44 
5.462e-03 8.154e+35 6.149e+41 
7.565e-03 1.833e+32 5.742e+37 
1.048e-02 4.868e+27 3.205e+33 
1.451e-02 2.284e+20 -6.055e+20 
2.009e-02 3.234e+12 8.414e+16 
2.783e-02 1.763e-10 9.426e-06 
3.854e-02 5.573e-26 7.445e-23 
5.337e-02 0.000e+00 1.175e-45 
7.391e-02 0.000e+00 9.025e-84 
1.024e-01 0.000e+00 0.000e+00 
1.417e-01 0.000e+00 0.000e+00 
1.963e-01 0.000e+00 0.000e+00 
2.719e-01 0.000e+00 0.000e+00 
3.765e-01 0.000e+00 0.000e+00 
5.214e-01 0.000e+00 0.000e+00 
7.221e-01 0.000e+00 0.000e+00 
1.000e+00 0.000e+00 0.000e+00 

Electron distribution

 electrons: E_e     N_e    N_pos    dNe_dt    dt
-------------------------------------
8.198105e-07 0.000e+00 0.000e+00 1.381e+48 -4.647e-12
8.198105e-07 1.404e+37 0.000e+00 -1.327e+48 -5.353e-12
8.198106e-07 2.605e+37 0.000e+00 -5.047e+47 -6.150e-12
8.198107e-07 4.141e+37 0.000e+00 -6.331e+47 -7.060e-12
8.198108e-07 5.561e+37 0.000e+00 -3.247e+46 -8.129e-12
8.198109e-07 6.551e+37 0.000e+00 8.304e+47 -9.348e-12
8.198111e-07 7.270e+37 0.000e+00 1.405e+48 -1.077e-11
8.198113e-07 7.913e+37 0.000e+00 1.702e+48 -1.240e-11
8.198114e-07 8.586e+37 0.000e+00 1.913e+48 -1.425e-11
8.198117e-07 9.300e+37 8.089e+16 2.120e+48 -1.638e-11
8.198119e-07 1.007e+38 6.838e+32 2.344e+48 -1.884e-11
8.198122e-07 7.218e+48 7.218e+48 7.672e+50 -2.164e-11
8.198125e-07 7.227e+48 7.227e+48 1.974e+51 -2.492e-11
8.198129e-07 7.238e+48 7.238e+48 -1.076e+52 -2.871e-11
8.198133e-07 7.239e+48 7.239e+48 -5.245e+54 -3.303e-11
8.198138e-07 7.242e+48 7.242e+48 -2.686e+56 -3.796e-11
8.198144e-07 1.520e+49 1.520e+49 -4.251e+57 -4.357e-11
8.198151e-07 1.639e+49 1.639e+49 -2.506e+58 -5.017e-11
8.198159e-07 2.828e+49 2.828e+49 -6.611e+58 -5.767e-11
8.198167e-07 3.348e+49 3.348e+49 -8.423e+58 -6.630e-11
8.198177e-07 5.083e+49 5.083e+49 -9.733e+58 -7.638e-11
8.198189e-07 4.788e+49 4.788e+49 1.815e+58 -8.791e-11
8.198202e-07 5.096e+49 5.096e+49 6.544e+58 -1.010e-10
8.198218e-07 5.169e+49 5.169e+49 8.279e+58 -1.160e-10
8.198236e-07 5.359e+49 5.359e+49 6.692e+58 -1.335e-10
8.198256e-07 5.833e+49 5.833e+49 4.694e+58 -1.534e-10
8.198279e-07 5.656e+49 5.656e+49 7.224e+58 -1.766e-10
8.198306e-07 7.390e+49 7.390e+49 6.814e+58 -2.033e-10
8.198337e-07 5.973e+49 5.973e+49 8.777e+58 -2.333e-10
8.198373e-07 6.421e+49 6.421e+49 8.352e+58 -2.689e-10
8.198414e-07 2.253e+50 2.253e+50 5.665e+58 -3.094e-10
8.198461e-07 1.355e+50 1.355e+50 2.205e+59 -3.553e-10
8.198515e-07 2.136e+50 2.136e+50 -8.672e+58 -4.085e-10
8.198578e-07 3.588e+50 3.588e+50 -1.827e+59 -4.712e-10
8.198649e-07 9.663e+50 9.663e+50 -8.416e+58 -5.424e-10
8.198732e-07 1.181e+51 1.181e+51 -1.941e+58 -6.241e-10
8.198827e-07 1.424e+51 1.424e+51 -2.915e+57 -7.176e-10
8.198936e-07 1.580e+51 1.580e+51 -6.490e+57 -8.295e-10
8.199062e-07 2.577e+51 2.577e+51 -5.648e+58 -9.556e-10
8.199206e-07 3.775e+51 3.775e+51 -2.312e+59 -1.105e-09
8.199372e-07 4.994e+51 4.994e+51 -4.769e+59 -1.272e-09
8.199563e-07 6.972e+51 6.972e+51 -5.634e+59 -1.470e-09
8.199783e-07 8.425e+51 8.425e+51 -3.793e+59 -1.701e-09
8.200036e-07 1.083e+52 1.083e+52 -3.650e+57 -1.968e-09
8.200327e-07 1.248e+52 1.248e+52 3.164e+59 -2.269e-09
8.200661e-07 1.357e+52 1.357e+52 4.950e+59 -2.636e-09
8.201046e-07 1.543e+52 1.543e+52 6.614e+59 -3.055e-09
8.201488e-07 1.737e+52 1.737e+52 8.096e+59 -3.556e-09
8.201997e-07 1.898e+52 1.898e+52 9.554e+59 -4.131e-09
8.202582e-07 2.184e+52 2.184e+52 1.024e+60 -4.787e-09
8.203255e-07 2.247e+52 2.247e+52 1.395e+60 -5.643e-09
8.204029e-07 2.464e+52 2.464e+52 1.469e+60 -6.579e-09
8.204919e-07 4.654e+52 4.654e+52 -9.516e+59 -7.754e-09
8.205943e-07 7.766e+52 7.766e+52 -1.661e+60 -9.196e-09
8.207120e-07 1.113e+53 1.113e+53 -7.612e+59 -1.085e-08
8.208475e-07 1.439e+53 1.439e+53 -1.744e+59 -1.295e-08
8.210032e-07 1.843e+53 1.843e+53 -2.311e+58 -1.565e-08
8.211823e-07 2.456e+53 2.456e+53 -1.941e+57 -1.891e-08
8.213882e-07 3.228e+53 3.228e+53 -1.530e+56 -2.324e-08
8.216250e-07 4.311e+53 4.311e+53 -1.004e+56 -2.890e-08
8.218973e-07 5.896e+53 5.896e+53 -8.571e+55 -3.682e-08
8.222103e-07 8.269e+53 8.269e+53 -4.394e+55 -4.834e-08
8.225703e-07 1.213e+54 1.213e+54 -9.461e+55 -6.527e-08
8.229841e-07 1.947e+54 1.947e+54 5.686e+55 -9.681e-08
8.234599e-07 3.589e+54 3.589e+54 7.693e+56 -1.662e-07
8.240067e-07 2.970e+60 2.963e+60 2.419e+64 -4.085e-07
8.246353e-07 7.519e+60 7.501e+60 3.005e+64 1.031e-06
8.253577e-07 1.345e+58 1.345e+58 -1.281e+62 2.434e-07
8.261878e-07 6.866e+57 6.866e+57 -6.313e+61 1.432e-07
8.271415e-07 4.480e+57 4.480e+57 -4.062e+61 1.075e-07
8.282372e-07 3.145e+57 3.145e+57 -2.828e+61 8.679e-08
8.294957e-07 2.367e+57 2.367e+57 -2.117e+61 7.509e-08
8.309408e-07 1.831e+57 1.831e+57 -1.632e+61 6.678e-08
8.325999e-07 1.458e+57 1.458e+57 -1.296e+61 6.110e-08
8.345042e-07 1.181e+57 1.181e+57 -1.047e+61 5.684e-08
8.366892e-07 9.655e+56 9.654e+56 -8.548e+60 5.337e-08
8.391953e-07 8.008e+56 8.008e+56 -7.081e+60 5.082e-08
8.420686e-07 6.699e+56 6.698e+56 -5.917e+60 4.879e-08
8.453615e-07 5.618e+56 5.617e+56 -4.958e+60 4.694e-08
8.491332e-07 4.747e+56 4.747e+56 -4.188e+60 4.549e-08
8.534509e-07 4.023e+56 4.023e+56 -3.548e+60 4.418e-08
8.583903e-07 3.428e+56 3.428e+56 -3.023e+60 4.314e-08
8.640367e-07 2.920e+56 2.920e+56 -2.576e+60 4.208e-08
8.704860e-07 2.499e+56 2.499e+56 -2.206e+60 4.123e-08
8.778454e-07 2.142e+56 2.142e+56 -1.893e+60 4.042e-08
8.862348e-07 1.838e+56 1.838e+56 -1.626e+60 3.964e-08
8.957872e-07 1.579e+56 1.579e+56 -1.400e+60 3.891e-08
9.066500e-07 1.357e+56 1.357e+56 -1.206e+60 3.818e-08
9.189857e-07 1.167e+56 1.167e+56 -1.040e+60 3.745e-08
9.329728e-07 1.005e+56 1.005e+56 -8.990e+59 3.676e-08
9.488060e-07 8.658e+55 8.658e+55 -7.778e+59 3.607e-08
9.666968e-07 7.450e+55 7.450e+55 -6.730e+59 3.532e-08
9.868741e-07 6.409e+55 6.409e+55 -5.827e+59 3.456e-08
1.009584e-06 5.506e+55 5.506e+55 -5.045e+59 3.375e-08
1.035089e-06 4.731e+55 4.731e+55 -4.376e+59 3.295e-08
1.063669e-06 4.059e+55 4.059e+55 -3.795e+59 3.210e-08
1.095620e-06 3.478e+55 3.478e+55 -3.293e+59 3.122e-08
1.131256e-06 2.975e+55 2.975e+55 -2.856e+59 3.030e-08
1.170904e-06 2.541e+55 2.541e+55 -2.477e+59 2.935e-08
1.214909e-06 2.169e+55 2.169e+55 -2.151e+59 2.840e-08
1.263630e-06 1.847e+55 1.847e+55 -1.866e+59 2.740e-08
1.317444e-06 1.569e+55 1.569e+55 -1.620e+59 2.640e-08
1.376742e-06 1.331e+55 1.331e+55 -1.405e+59 2.539e-08
1.441935e-06 1.130e+55 1.130e+55 -1.220e+59 2.438e-08
1.513453e-06 9.572e+54 9.572e+54 -1.058e+59 2.337e-08
1.591744e-06 8.091e+54 8.091e+54 -9.173e+58 2.237e-08
1.677283e-06 6.824e+54 6.824e+54 -7.945e+58 2.136e-08
1.770568e-06 5.747e+54 5.747e+54 -6.886e+58 2.039e-08
1.872126e-06 4.832e+54 4.832e+54 -5.963e+58 1.943e-08
1.982516e-06 4.054e+54 4.054e+54 -5.162e+58 1.850e-08
2.102333e-06 3.407e+54 3.407e+54 -4.471e+58 1.762e-08
2.232208e-06 2.849e+54 2.849e+54 -3.862e+58 1.673e-08
2.372818e-06 2.383e+54 2.383e+54 -3.337e+58 1.589e-08
2.524885e-06 1.990e+54 1.990e+54 -2.881e+58 1.509e-08
2.689181e-06 1.658e+54 1.658e+54 -2.486e+58 1.432e-08
2.866535e-06 1.380e+54 1.380e+54 -2.144e+58 1.360e-08
3.057837e-06 1.146e+54 1.146e+54 -1.845e+58 1.289e-08
3.264038e-06 9.521e+53 9.520e+53 -1.589e+58 1.224e-08
3.486164e-06 7.883e+53 7.883e+53 -1.366e+58 1.160e-08
3.725313e-06 6.506e+53 6.506e+53 -1.196e+58 1.101e-08
3.982667e-06 5.348e+53 5.348e+53 -1.310e+58 1.045e-08
4.259494e-06 4.398e+53 4.398e+53 -3.699e+58 9.926e-09
4.557156e-06 3.609e+53 3.609e+53 -2.022e+59 9.433e-09
4.877116e-06 2.932e+53 2.932e+53 -9.603e+59 8.966e-09
5.220947e-06 2.296e+53 2.296e+53 -3.127e+60 8.514e-09
5.590335e-06 1.600e+53 1.600e+53 -6.014e+60 8.101e-09
5.987093e-06 8.163e+52 8.163e+52 -4.676e+60 7.705e-09
6.413168e-06 2.638e+52 2.638e+52 1.737e+60 7.337e-09
6.870646e-06 2.402e+52 2.402e+52 1.479e+60 6.993e-09
7.361773e-06 2.044e+52 2.044e+52 1.236e+60 6.668e-09
7.888953e-06 1.712e+52 1.712e+52 1.063e+60 6.360e-09
8.454770e-06 1.474e+52 1.474e+52 8.868e+59 6.071e-09
9.061998e-06 1.264e+52 1.264e+52 6.853e+59 5.804e-09
9.713610e-06 1.027e+52 1.027e+52 4.996e+59 5.551e-09
1.041280e-05 7.792e+51 7.792e+51 3.694e+59 5.311e-09
1.116299e-05 5.787e+51 5.787e+51 2.753e+59 5.087e-09
1.196786e-05 4.418e+51 4.418e+51 1.826e+59 4.875e-09
1.283135e-05 3.274e+51 3.274e+51 1.016e+59 4.679e-09
1.375769e-05 2.176e+51 2.176e+51 5.356e+58 4.488e-09
1.475141e-05 1.299e+51 1.299e+51 3.403e+58 4.315e-09
1.581739e-05 7.847e+50 7.846e+50 2.298e+58 4.154e-09
1.696085e-05 5.220e+50 5.220e+50 1.421e+58 4.004e-09
1.818739e-05 3.404e+50 3.403e+50 1.002e+58 3.851e-09
1.950301e-05 2.271e+50 2.271e+50 9.023e+57 3.721e-09
2.091416e-05 1.594e+50 1.594e+50 8.859e+57 3.594e-09
2.242775e-05 1.321e+50 1.321e+50 7.985e+57 3.476e-09
2.405120e-05 1.159e+50 1.159e+50 6.828e+57 3.359e-09
2.579246e-05 1.021e+50 1.021e+50 5.772e+57 3.258e-09
2.766005e-05 8.898e+49 8.895e+49 4.989e+57 3.160e-09
2.966313e-05 7.654e+49 7.651e+49 4.430e+57 3.061e-09
3.181151e-05 6.662e+49 6.658e+49 3.910e+57 2.983e-09
3.411570e-05 5.852e+49 5.847e+49 3.332e+57 2.896e-09
3.658701e-05 5.153e+49 5.147e+49 2.811e+57 2.816e-09
3.923752e-05 4.508e+49 4.502e+49 2.428e+57 2.746e-09
4.208023e-05 3.895e+49 3.888e+49 2.137e+57 2.675e-09
4.512906e-05 3.393e+49 3.385e+49 1.863e+57 2.616e-09
4.839894e-05 2.955e+49 2.945e+49 1.574e+57 2.553e-09
5.190588e-05 2.590e+49 2.579e+49 1.321e+57 2.495e-09
5.566708e-05 2.263e+49 2.250e+49 1.141e+57 2.447e-09
5.970095e-05 1.954e+49 1.940e+49 1.001e+57 2.397e-09
6.402724e-05 1.695e+49 1.679e+49 8.660e+56 2.355e-09
6.866715e-05 1.474e+49 1.456e+49 7.262e+56 2.317e-09
7.364342e-05 1.287e+49 1.267e+49 6.069e+56 2.278e-09
7.898040e-05 1.119e+49 1.096e+49 5.252e+56 2.238e-09
8.470425e-05 9.680e+48 9.427e+48 4.649e+56 2.208e-09
9.084300e-05 8.350e+48 8.068e+48 4.003e+56 2.177e-09
9.742672e-05 7.237e+48 6.924e+48 3.337e+56 2.149e-09
1.044877e-04 6.317e+48 5.971e+48 2.817e+56 2.120e-09
1.120604e-04 5.514e+48 5.132e+48 2.511e+56 2.100e-09
1.201820e-04 4.780e+48 4.360e+48 2.269e+56 2.075e-09
1.288924e-04 4.149e+48 3.689e+48 1.993e+56 2.060e-09
1.382340e-04 3.625e+48 3.125e+48 1.709e+56 2.043e-09
1.482528e-04 3.224e+48 2.680e+48 1.532e+56 2.036e-09
1.589977e-04 2.849e+48 2.264e+48 1.453e+56 2.018e-09
1.705215e-04 2.531e+48 1.899e+48 1.391e+56 2.010e-09
1.828805e-04 2.259e+48 1.580e+48 1.271e+56 2.003e-09
1.961353e-04 2.037e+48 1.316e+48 1.131e+56 1.994e-09
2.103508e-04 1.872e+48 1.114e+48 1.064e+56 1.993e-09
2.255966e-04 1.723e+48 9.308e+47 1.072e+56 1.995e-09
2.419475e-04 1.587e+48 7.617e+47 1.077e+56 1.991e-09
2.594835e-04 1.482e+48 6.197e+47 1.052e+56 1.996e-09
2.782905e-04 1.428e+48 5.077e+47 9.950e+55 2.000e-09
2.984606e-04 1.362e+48 4.206e+47 8.115e+55 1.999e-09
3.200927e-04 1.263e+48 3.415e+47 8.399e+55 2.008e-09
3.432926e-04 1.202e+48 2.714e+47 8.923e+55 2.025e-09
3.681741e-04 1.161e+48 2.126e+47 9.101e+55 2.038e-09
3.948590e-04 1.140e+48 1.702e+47 7.832e+55 2.048e-09
4.234779e-04 1.077e+48 1.387e+47 6.273e+55 2.067e-09
4.541712e-04 1.005e+48 1.081e+47 6.336e+55 2.083e-09
4.870891e-04 9.426e+47 8.120e+46 5.811e+55 2.101e-09
5.223929e-04 8.791e+47 6.007e+46 5.111e+55 2.123e-09
5.602555e-04 8.194e+47 4.777e+46 4.417e+55 2.155e-09
6.008623e-04 7.505e+47 3.762e+46 3.818e+55 2.176e-09
6.444123e-04 6.788e+47 2.764e+46 3.279e+55 2.204e-09
6.911188e-04 6.100e+47 1.918e+46 2.770e+55 2.250e-09
7.412106e-04 5.364e+47 1.293e+46 2.252e+55 2.279e-09
7.949329e-04 4.661e+47 1.028e+46 1.783e+55 2.309e-09
8.525491e-04 3.999e+47 7.876e+45 1.396e+55 2.353e-09
9.143412e-04 3.370e+47 5.372e+45 1.074e+55 2.404e-09
9.806119e-04 2.775e+47 3.175e+45 8.019e+54 2.451e-09
1.051686e-03 2.239e+47 1.822e+45 5.766e+54 2.499e-09
1.127911e-03 1.770e+47 1.510e+45 3.992e+54 2.547e-09
1.209662e-03 1.366e+47 1.115e+45 2.684e+54 2.600e-09
1.297337e-03 1.031e+47 6.876e+44 1.753e+54 2.667e-09
1.391367e-03 7.567e+46 3.056e+44 1.091e+54 2.740e-09
1.492212e-03 5.362e+46 1.363e+44 6.342e+53 2.798e-09
1.600367e-03 3.690e+46 1.177e+44 3.520e+53 2.861e-09
1.716360e-03 2.462e+46 8.451e+43 1.875e+53 2.937e-09
1.840761e-03 1.608e+46 4.788e+43 9.221e+52 3.062e-09
1.974178e-03 9.896e+45 1.312e+43 3.617e+52 3.128e-09
2.117265e-03 5.872e+45 4.768e+42 1.092e+52 3.212e-09
2.270723e-03 3.332e+45 4.302e+42 1.215e+51 3.299e-09
2.435303e-03 1.816e+45 3.068e+42 -1.463e+51 3.417e-09
2.611812e-03 9.445e+44 1.537e+42 -1.899e+51 3.552e-09
2.801114e-03 4.580e+44 1.306e+41 -1.534e+51 3.642e-09
3.004137e-03 2.105e+44 5.569e+40 -9.183e+50 3.756e-09
3.221875e-03 9.090e+43 5.268e+40 -4.573e+50 3.879e-09
3.455394e-03 3.713e+43 3.745e+40 -2.012e+50 4.056e-09
3.705838e-03 1.390e+43 1.587e+40 -8.525e+49 4.180e-09
3.974435e-03 4.828e+42 8.057e+37 -3.164e+49 4.330e-09
4.262499e-03 1.538e+42 9.575e+37 -1.060e+49 4.473e-09
4.571442e-03 4.502e+41 8.634e+37 -3.010e+48 4.657e-09
4.902777e-03 1.212e+41 6.140e+37 -7.285e+47 4.916e-09
5.258127e-03 2.881e+40 1.859e+37 -1.775e+47 5.069e-09
5.639232e-03 6.128e+39 1.151e+34 -3.717e+46 5.240e-09
6.047960e-03 1.159e+39 1.440e+34 -6.555e+45 5.437e-09
6.486312e-03 1.943e+38 1.389e+34 -8.803e+44 5.715e-09
6.956435e-03 2.862e+37 9.446e+33 -8.294e+43 6.068e-09
7.460633e-03 3.550e+36 8.628e+32 -8.803e+42 6.257e-09
8.001374e-03 3.751e+35 1.905e+29 -7.158e+41 6.456e-09
8.581308e-03 3.368e+34 2.467e+29 -1.969e+40 6.755e-09
9.203276e-03 2.539e+33 2.484e+29 3.822e+39 7.171e-09
9.870323e-03 1.547e+32 1.502e+29 3.871e+38 7.424e-09
1.058572e-02 7.867e+30 1.901e+22 -6.418e+31 7.747e-09
1.135296e-02 3.132e+29 1.643e+22 -2.589e+30 8.090e-09
1.217582e-02 9.850e+27 1.352e+22 -8.306e+28 8.527e-09
1.305831e-02 2.412e+26 9.806e+21 -2.072e+27 9.099e-09
1.400477e-02 4.319e+24 3.780e+21 -3.699e+25 9.406e-09
1.501982e-02 5.781e+22 7.787e+07 -5.015e+23 9.853e-09
1.610845e-02 5.591e+20 2.063e+07 -4.871e+21 1.031e-08
1.727598e-02 3.872e+18 0.000e+00 -3.397e+19 1.095e-08
1.852813e-02 1.873e+16 0.000e+00 -1.643e+17 1.182e-08
1.987104e-02 5.794e+13 0.000e+00 -5.079e+14 1.217e-08
2.131128e-02 1.174e+11 0.000e+00 -1.024e+12 1.264e-08
2.285590e-02 1.520e+08 0.000e+00 -1.339e+09 1.331e-08
2.451248e-02 1.221e+05 0.000e+00 -1.094e+06 1.428e-08
2.628913e-02 0.000e+00 0.000e+00 3.634e+09 1.497e-08
2.819455e-02 0.000e+00 0.000e+00 9.045e+05 1.566e-08
3.023807e-02 0.000e+00 0.000e+00 0.000e+00 1.646e-08
3.242970e-02 0.000e+00 0.000e+00 0.000e+00 1.750e-08
3.478018e-02 0.000e+00 0.000e+00 0.000e+00 1.890e-08
3.730103e-02 0.000e+00 0.000e+00 0.000e+00 1.950e-08
4.000458e-02 0.000e+00 0.000e+00 0.000e+00 2.063e-08
4.290408e-02 0.000e+00 0.000e+00 0.000e+00 2.171e-08
4.601374e-02 0.000e+00 0.000e+00 0.000e+00 2.329e-08
4.934879e-02 0.000e+00 0.000e+00 0.000e+00 2.528e-08
5.292555e-02 0.000e+00 0.000e+00 0.000e+00 2.611e-08
5.676156e-02 0.000e+00 0.000e+00 0.000e+00 2.736e-08
6.087560e-02 0.000e+00 0.000e+00 0.000e+00 2.908e-08
6.528782e-02 0.000e+00 0.000e+00 0.000e+00 3.132e-08
7.001983e-02 0.000e+00 0.000e+00 0.000e+00 3.340e-08
7.509482e-02 0.000e+00 0.000e+00 0.000e+00 3.508e-08
8.053764e-02 0.000e+00 0.000e+00 0.000e+00 3.667e-08
8.637496e-02 0.000e+00 0.000e+00 0.000e+00 3.922e-08
9.263535e-02 0.000e+00 0.000e+00 0.000e+00 4.264e-08
9.934950e-02 0.000e+00 0.000e+00 0.000e+00 4.414e-08
1.065503e-01 0.000e+00 0.000e+00 0.000e+00 4.680e-08
1.142730e-01 0.000e+00 0.000e+00 0.000e+00 4.966e-08
1.225554e-01 0.000e+00 0.000e+00 0.000e+00 5.359e-08
1.314381e-01 0.000e+00 0.000e+00 0.000e+00 5.841e-08
1.409647e-01 0.000e+00 0.000e+00 0.000e+00 6.035e-08
1.511817e-01 0.000e+00 0.000e+00 0.000e+00 6.403e-08
1.621392e-01 0.000e+00 0.000e+00 0.000e+00 6.790e-08
1.738910e-01 0.000e+00 0.000e+00 0.000e+00 7.366e-08
1.864945e-01 0.000e+00 0.000e+00 0.000e+00 8.072e-08
2.000115e-01 0.000e+00 0.000e+00 0.000e+00 8.347e-08
2.145081e-01 0.000e+00 0.000e+00 0.000e+00 8.704e-08
2.300555e-01 0.000e+00 0.000e+00 0.000e+00 9.387e-08
2.467298e-01 0.000e+00 0.000e+00 0.000e+00 1.024e-07
2.646126e-01 0.000e+00 0.000e+00 0.000e+00 1.062e-07
2.837915e-01 0.000e+00 0.000e+00 0.000e+00 1.129e-07
3.043606e-01 0.000e+00 0.000e+00 0.000e+00 1.208e-07
3.264204e-01 0.000e+00 0.000e+00 0.000e+00 1.302e-07
3.500791e-01 0.000e+00 0.000e+00 0.000e+00 1.431e-07
3.754526e-01 0.000e+00 0.000e+00 0.000e+00 1.475e-07
4.026652e-01 0.000e+00 0.000e+00 0.000e+00 1.570e-07
4.318500e-01 0.000e+00 0.000e+00 0.000e+00 1.672e-07
4.631502e-01 0.000e+00 0.000e+00 0.000e+00 1.827e-07
4.967190e-01 0.000e+00 0.000e+00 0.000e+00 2.005e-07
5.327209e-01 0.000e+00 0.000e+00 0.000e+00 2.072e-07
5.713321e-01 0.000e+00 0.000e+00 0.000e+00 2.178e-07
6.127419e-01 0.000e+00 0.000e+00 0.000e+00 2.346e-07
6.571530e-01 0.000e+00 0.000e+00 0.000e+00 2.570e-07
7.047830e-01 0.000e+00 0.000e+00 0.000e+00 2.695e-07
7.558652e-01 0.000e+00 0.000e+00 0.000e+00 2.878e-07
8.106497e-01 0.000e+00 0.000e+00 0.000e+00 3.041e-07
8.694051e-01 0.000e+00 0.000e+00 0.000e+00 3.310e-07
9.324189e-01 0.000e+00 0.000e+00 0.000e+00 3.626e-07
1.000000e+00 0.000e+00 0.000e+00 0.000e+00 8.687e-02
