Photospheric1 results, Ver = 3.30 

Compilation Date = Dec 17 2014 
Compilation Time = 10:52:19 

physical parameters: 
====================

L_GRB = 1.000e+52  Tau = 2.000e+01
epsilon_e = 9.000e-01   epsilon_B = 1.000e-06 
power_law = 2.00e+00 Gamma_i = 1.000e+02 delta_t = 9.717e-03

 epsilon_d = 1.000e-01   epsilon_pl = 0.000e+00  E_m_acc = 0.000000e+00 
T0 = 4.748e-10 [erg], L_0 = 1.357e+51 [erg/s] 

collision radius = 5.830e+11 [cm] volume = 1.245e+35 [cm^3]
N_shell = 6.455e+50, number of particles within the colliding shell 
B = 4.429e+03 

Electrons minimum gb = 1.000e-03 , maximum gb(gamma*beta) = 1.220e+06 
# of electrons cells = 300 
in gb[j] = gb0*x^j , x= 1.0725e+00 

Photons minimum energy = 1.000e-14 [erg], maximum energy = 1.000e+00 [erg]
# of photon cells = 100 
in E[j] = E0*x^j , x= 1.3849e+00 

do_pairs =   1 do_annihilate =   1 do_compton =   1  

t_dyn = 1.943e-01 time_step = 1.943e-04 dt_min = 1.943e-08

Initial thermal component: 

Energy   dN_thermal 
-------------------------------
1.000e-14  5.355e+46 
1.385e-14  1.027e+47 
1.918e-14  1.970e+47 
2.656e-14  3.778e+47 
3.678e-14  7.246e+47 
5.094e-14  1.390e+48 
7.055e-14  2.665e+48 
9.770e-14  5.111e+48 
1.353e-13  9.803e+48 
1.874e-13  1.880e+49 
2.595e-13  3.605e+49 
3.594e-13  6.914e+49 
4.977e-13  1.326e+50 
6.893e-13  2.542e+50 
9.545e-13  4.874e+50 
1.322e-12  9.343e+50 
1.831e-12  1.791e+51 
2.535e-12  3.431e+51 
3.511e-12  6.573e+51 
4.863e-12  1.258e+52 
6.734e-12  2.408e+52 
9.326e-12  4.603e+52 
1.292e-11  8.787e+52 
1.789e-11  1.675e+53 
2.477e-11  3.183e+53 
3.430e-11  6.031e+53 
4.751e-11  1.137e+54 
6.579e-11  2.129e+54 
9.112e-11  3.950e+54 
1.262e-10  7.229e+54 
1.748e-10  1.298e+55 
2.420e-10  2.268e+55 
3.352e-10  3.809e+55 
4.642e-10  6.035e+55 
6.428e-10  8.768e+55 
8.902e-10  1.119e+56 
1.233e-09  1.175e+56 
1.707e-09  9.250e+55 
2.364e-09  4.811e+55 
3.275e-09  1.405e+55 
4.535e-09  1.876e+54 
6.280e-09  8.760e+52 
8.697e-09  9.881e+50 
1.205e-08  1.588e+48 
1.668e-08  1.719e+44 
2.310e-08  4.406e+38 
3.199e-08  6.297e+30 
4.431e-08  6.771e+19 
6.136e-08  3.428e+04 
8.498e-08  1.759e-17 
1.177e-07  4.495e-47 
1.630e-07  3.632e-88 
2.257e-07  3.456e-145 
3.126e-07  2.833e-224 
4.329e-07  0.000e+00 
5.995e-07  0.000e+00 
8.302e-07  0.000e+00 
1.150e-06  0.000e+00 
1.592e-06  0.000e+00 
2.205e-06  0.000e+00 
3.054e-06  0.000e+00 
4.229e-06  0.000e+00 
5.857e-06  0.000e+00 
8.111e-06  0.000e+00 
1.123e-05  0.000e+00 
1.556e-05  0.000e+00 
2.154e-05  0.000e+00 
2.984e-05  0.000e+00 
4.132e-05  0.000e+00 
5.722e-05  0.000e+00 
7.925e-05  0.000e+00 
1.097e-04  0.000e+00 
1.520e-04  0.000e+00 
2.105e-04  0.000e+00 
2.915e-04  0.000e+00 
4.037e-04  0.000e+00 
5.591e-04  0.000e+00 
7.743e-04  0.000e+00 
1.072e-03  0.000e+00 
1.485e-03  0.000e+00 
2.057e-03  0.000e+00 
2.848e-03  0.000e+00 
3.944e-03  0.000e+00 
5.462e-03  0.000e+00 
7.565e-03  0.000e+00 
1.048e-02  0.000e+00 
1.451e-02  0.000e+00 
2.009e-02  0.000e+00 
2.783e-02  0.000e+00 
3.854e-02  0.000e+00 
5.337e-02  0.000e+00 
7.391e-02  0.000e+00 
1.024e-01  0.000e+00 
1.417e-01  0.000e+00 
1.963e-01  0.000e+00 
2.719e-01  0.000e+00 
3.765e-01  0.000e+00 
5.214e-01  0.000e+00 
7.221e-01  0.000e+00 

Final spectrum
photons: E_g     N_g     dNg_dt 
-------------------------------------
1.385e-14 3.255e+49 2.186e+54 
1.918e-14 9.102e+49 1.196e+54 
2.656e-14 2.317e+50 7.816e+53 
3.678e-14 5.738e+50 5.559e+53 
5.094e-14 1.403e+51 4.391e+53 
7.055e-14 3.312e+51 3.455e+53 
9.770e-14 6.555e+51 2.461e+53 
1.353e-13 1.015e+52 1.618e+53 
1.874e-13 1.283e+52 1.113e+53 
2.595e-13 1.413e+52 8.751e+52 
3.594e-13 1.419e+52 7.636e+52 
4.977e-13 1.341e+52 6.925e+52 
6.893e-13 1.219e+52 6.335e+52 
9.545e-13 1.087e+52 5.851e+52 
1.322e-12 9.769e+51 5.597e+52 
1.831e-12 9.215e+51 5.791e+52 
2.535e-12 9.669e+51 6.788e+52 
3.511e-12 1.186e+52 9.164e+52 
4.863e-12 1.703e+52 1.385e+53 
6.734e-12 2.733e+52 2.229e+53 
9.326e-12 4.610e+52 3.659e+53 
1.292e-11 7.972e+52 6.042e+53 
1.789e-11 1.380e+53 9.850e+53 
2.477e-11 2.364e+53 1.572e+54 
3.430e-11 4.001e+53 2.449e+54 
4.751e-11 6.661e+53 3.702e+54 
6.579e-11 1.089e+54 5.393e+54 
9.112e-11 1.741e+54 7.428e+54 
1.262e-10 2.718e+54 9.520e+54 
1.748e-10 4.071e+54 1.084e+55 
2.420e-10 5.911e+54 1.018e+55 
3.352e-10 8.255e+54 5.429e+54 
4.642e-10 1.084e+55 -5.362e+54 
6.428e-10 1.331e+55 -2.235e+55 
8.902e-10 1.496e+55 -4.048e+55 
1.233e-09 1.500e+55 -4.660e+55 
1.707e-09 1.325e+55 -2.967e+55 
2.364e-09 1.021e+55 1.699e+54 
3.275e-09 7.038e+54 2.214e+55 
4.535e-09 4.546e+54 2.296e+55 
6.280e-09 2.838e+54 1.632e+55 
8.697e-09 1.711e+54 1.039e+55 
1.205e-08 9.870e+53 6.125e+54 
1.668e-08 5.427e+53 3.298e+54 
2.310e-08 2.800e+53 1.567e+54 
3.199e-08 1.343e+53 6.430e+53 
4.431e-08 6.095e+52 2.333e+53 
6.136e-08 2.785e+52 8.994e+52 
8.498e-08 1.334e+52 4.349e+52 
1.177e-07 7.920e+51 2.809e+52 
1.630e-07 4.864e+51 1.794e+52 
2.257e-07 3.116e+51 1.140e+52 
3.126e-07 2.056e+51 7.207e+51 
4.329e-07 1.368e+51 4.570e+51 
5.995e-07 1.745e+51 4.984e+51 
8.302e-07 3.709e+50 8.710e+50 
1.150e-06 2.346e+50 5.155e+50 
1.592e-06 1.419e+50 2.774e+50 
2.205e-06 8.314e+49 1.470e+50 
3.054e-06 4.834e+49 8.054e+49 
4.229e-06 2.757e+49 4.449e+49 
5.857e-06 1.513e+49 2.392e+49 
8.111e-06 7.966e+48 1.256e+49 
1.123e-05 3.968e+48 6.539e+48 
1.556e-05 1.764e+48 3.081e+48 
2.154e-05 6.914e+47 1.128e+48 
2.984e-05 2.406e+47 2.788e+47 
4.132e-05 7.659e+46 3.845e+46 
5.722e-05 2.327e+46 -2.380e+45 
7.925e-05 6.621e+45 -3.363e+45 
1.097e-04 1.712e+45 -1.197e+45 
1.520e-04 3.737e+44 -2.582e+44 
2.105e-04 6.408e+43 -3.577e+43 
2.915e-04 7.318e+42 -2.524e+42 
4.037e-04 5.186e+41 -5.797e+40 
5.591e-04 1.662e+40 1.205e+39 
7.743e-04 1.868e+38 2.871e+37 
1.072e-03 4.936e+35 1.762e+35 
1.485e-03 1.578e+32 3.746e+31 
2.057e-03 1.421e+27 6.223e+25 
2.848e-03 2.941e+20 1.668e+20 
3.944e-03 7.679e+14 4.685e+17 
5.462e-03 1.000e+00 -2.080e-02 
7.565e-03 3.102e-17 -9.311e-19 
1.048e-02 0.000e+00 4.655e-38 
1.451e-02 0.000e+00 1.682e-71 
2.009e-02 0.000e+00 0.000e+00 
2.783e-02 0.000e+00 0.000e+00 
3.854e-02 0.000e+00 0.000e+00 
5.337e-02 0.000e+00 0.000e+00 
7.391e-02 0.000e+00 0.000e+00 
1.024e-01 0.000e+00 0.000e+00 
1.417e-01 0.000e+00 0.000e+00 
1.963e-01 0.000e+00 0.000e+00 
2.719e-01 0.000e+00 0.000e+00 
3.765e-01 0.000e+00 0.000e+00 
5.214e-01 0.000e+00 0.000e+00 
7.221e-01 0.000e+00 0.000e+00 
1.000e+00 0.000e+00 0.000e+00 

Electron distribution

 electrons: E_e     N_e    N_pos    dNe_dt    dt
-------------------------------------
8.198105e-07 0.000e+00 0.000e+00 1.276e+49 -1.882e-10
8.198105e-07 4.817e+40 0.000e+00 -1.110e+49 -2.166e-10
8.198106e-07 2.853e+40 0.000e+00 -2.596e+33 -2.490e-10
8.198107e-07 3.060e+40 0.000e+00 2.596e+33 -2.859e-10
8.198108e-07 3.282e+40 0.000e+00 -2.596e+33 -3.290e-10
8.198109e-07 3.520e+40 0.000e+00 -2.596e+33 -3.784e-10
8.198111e-07 3.775e+40 0.000e+00 2.596e+33 -4.358e-10
8.198113e-07 4.048e+40 0.000e+00 -7.788e+33 -5.012e-10
8.198114e-07 4.342e+40 0.000e+00 -2.596e+33 -5.759e-10
8.198117e-07 4.656e+40 0.000e+00 0.000e+00 -6.626e-10
8.198119e-07 4.994e+40 0.000e+00 5.192e+33 -7.618e-10
8.198122e-07 1.415e+48 1.415e+48 -6.348e+47 -8.752e-10
8.198125e-07 5.744e+40 0.000e+00 5.192e+33 -1.007e-09
8.198129e-07 6.160e+40 0.000e+00 -5.192e+33 -1.160e-09
8.198133e-07 6.607e+40 0.000e+00 -5.192e+33 -1.335e-09
8.198138e-07 7.086e+40 0.000e+00 -5.192e+33 -1.533e-09
8.198144e-07 7.592e+47 7.592e+47 -3.406e+47 -1.759e-09
8.198151e-07 1.240e+48 1.240e+48 2.535e+47 -2.027e-09
8.198159e-07 1.926e+48 1.926e+48 3.919e+47 -2.330e-09
8.198167e-07 1.924e+48 1.924e+48 3.907e+47 -2.677e-09
8.198177e-07 2.656e+48 2.656e+48 5.423e+47 -3.084e-09
8.198189e-07 2.660e+48 2.660e+48 5.447e+47 -3.552e-09
8.198202e-07 3.427e+48 3.427e+48 6.976e+47 -4.082e-09
8.198218e-07 4.225e+48 4.225e+48 8.547e+47 -4.685e-09
8.198236e-07 5.068e+48 5.068e+48 1.030e+48 -5.391e-09
8.198256e-07 5.948e+48 5.948e+48 1.203e+48 -6.205e-09
8.198279e-07 6.862e+48 6.862e+48 1.391e+48 -7.142e-09
8.198306e-07 8.790e+48 8.790e+48 1.782e+48 -8.228e-09
8.198337e-07 9.776e+48 9.775e+48 1.965e+48 -9.445e-09
8.198373e-07 1.190e+49 1.190e+49 2.413e+48 -1.090e-08
8.198414e-07 2.206e+49 2.206e+49 3.446e+48 -1.254e-08
8.198461e-07 2.439e+49 2.439e+49 3.872e+48 -1.441e-08
8.198515e-07 2.813e+49 2.813e+49 4.610e+48 -1.658e-08
8.198578e-07 3.352e+49 3.352e+49 5.794e+48 -1.912e-08
8.198649e-07 9.574e+49 9.574e+49 2.224e+49 -2.205e-08
8.198732e-07 1.115e+50 1.115e+50 2.389e+49 -2.539e-08
8.198827e-07 1.287e+50 1.287e+50 2.381e+49 -2.922e-08
8.198936e-07 1.414e+50 1.414e+50 2.714e+49 -3.381e-08
8.199062e-07 2.404e+50 2.404e+50 5.180e+49 -3.892e-08
8.199206e-07 3.318e+50 3.318e+50 6.508e+49 -4.514e-08
8.199372e-07 3.781e+50 3.781e+50 6.668e+49 -5.201e-08
8.199563e-07 5.042e+50 5.042e+50 1.013e+50 -6.012e-08
8.199783e-07 5.681e+50 5.681e+50 1.105e+50 -6.971e-08
8.200036e-07 7.991e+50 7.991e+50 1.605e+50 -8.079e-08
8.200327e-07 9.968e+50 9.968e+50 1.856e+50 -9.336e-08
8.200661e-07 1.219e+51 1.219e+51 2.501e+50 -1.086e-07
8.201046e-07 1.550e+51 1.550e+51 3.230e+50 -1.261e-07
8.201488e-07 1.996e+51 1.996e+51 4.479e+50 -1.472e-07
8.201997e-07 2.483e+51 2.483e+51 5.725e+50 -1.718e-07
8.202582e-07 3.147e+51 3.147e+51 7.405e+50 -2.005e-07
8.203255e-07 3.914e+51 3.914e+51 1.014e+51 -2.368e-07
8.204029e-07 5.001e+51 5.001e+51 1.380e+51 -2.782e-07
8.204919e-07 6.432e+51 6.432e+51 1.963e+51 -3.306e-07
8.205943e-07 8.162e+51 8.162e+51 2.802e+51 -3.955e-07
8.207120e-07 1.051e+52 1.051e+52 3.927e+51 -4.709e-07
8.208475e-07 1.364e+52 1.364e+52 5.788e+51 -5.687e-07
8.210032e-07 1.778e+52 1.778e+52 8.825e+51 -7.016e-07
8.211823e-07 2.400e+52 2.400e+52 1.381e+52 -8.659e-07
8.213882e-07 3.259e+52 3.259e+52 2.254e+52 -1.096e-06
8.216250e-07 4.522e+52 4.521e+52 3.862e+52 -1.421e-06
8.218973e-07 6.609e+52 6.608e+52 7.336e+52 -1.929e-06
8.222103e-07 1.026e+53 1.026e+53 1.591e+53 -2.803e-06
8.225703e-07 3.329e+53 2.545e+53 1.299e+55 -4.446e-06
8.229841e-07 1.818e+59 9.069e+58 1.408e+61 -9.883e-06
8.234599e-07 2.361e+60 1.178e+60 -3.363e+60 1.282e-04
8.240067e-07 9.072e+56 8.496e+56 -4.461e+57 9.132e-06
8.246353e-07 4.269e+56 4.001e+56 -1.081e+57 4.937e-06
8.253577e-07 2.683e+56 2.514e+56 -4.651e+56 3.567e-06
8.261878e-07 1.856e+56 1.740e+56 -2.448e+56 2.835e-06
8.271415e-07 1.392e+56 1.305e+56 -1.515e+56 2.444e-06
8.282372e-07 1.066e+56 9.994e+55 -9.883e+55 2.150e-06
8.294957e-07 8.465e+55 7.935e+55 -6.919e+55 1.961e-06
8.309408e-07 6.817e+55 6.391e+55 -5.013e+55 1.814e-06
8.325999e-07 5.584e+55 5.235e+55 -3.767e+55 1.707e-06
8.345042e-07 4.618e+55 4.329e+55 -2.889e+55 1.621e-06
8.366892e-07 3.844e+55 3.604e+55 -2.262e+55 1.549e-06
8.391953e-07 3.229e+55 3.027e+55 -1.799e+55 1.493e-06
8.420686e-07 2.728e+55 2.557e+55 -1.450e+55 1.447e-06
8.453615e-07 2.309e+55 2.165e+55 -1.181e+55 1.405e-06
8.491332e-07 1.966e+55 1.843e+55 -9.726e+54 1.372e-06
8.534509e-07 1.675e+55 1.570e+55 -8.041e+54 1.340e-06
8.583903e-07 1.433e+55 1.344e+55 -6.704e+54 1.314e-06
8.640367e-07 1.226e+55 1.149e+55 -5.607e+54 1.287e-06
8.704860e-07 1.053e+55 9.867e+54 -4.728e+54 1.266e-06
8.778454e-07 9.038e+54 8.470e+54 -3.986e+54 1.244e-06
8.862348e-07 7.763e+54 7.274e+54 -3.370e+54 1.223e-06
8.957872e-07 6.680e+54 6.257e+54 -2.863e+54 1.203e-06
9.066500e-07 5.744e+54 5.379e+54 -2.431e+54 1.182e-06
9.189857e-07 4.941e+54 4.626e+54 -2.069e+54 1.162e-06
9.329728e-07 4.254e+54 3.981e+54 -1.762e+54 1.142e-06
9.488060e-07 3.659e+54 3.423e+54 -1.499e+54 1.120e-06
9.666968e-07 3.144e+54 2.938e+54 -1.274e+54 1.098e-06
9.868741e-07 2.698e+54 2.520e+54 -1.081e+54 1.074e-06
1.009584e-06 2.311e+54 2.156e+54 -9.162e+53 1.049e-06
1.035089e-06 1.978e+54 1.844e+54 -7.751e+53 1.024e-06
1.063669e-06 1.690e+54 1.573e+54 -6.538e+53 9.979e-07
1.095620e-06 1.440e+54 1.339e+54 -5.494e+53 9.703e-07
1.131256e-06 1.225e+54 1.136e+54 -4.595e+53 9.413e-07
1.170904e-06 1.039e+54 9.624e+53 -3.831e+53 9.110e-07
1.214909e-06 8.803e+53 8.136e+53 -3.183e+53 8.807e-07
1.263630e-06 7.429e+53 6.849e+53 -2.628e+53 8.490e-07
1.317444e-06 6.254e+53 5.748e+53 -2.159e+53 8.173e-07
1.376742e-06 5.255e+53 4.814e+53 -1.764e+53 7.848e-07
1.441935e-06 4.432e+53 4.048e+53 -1.442e+53 7.525e-07
1.513453e-06 3.726e+53 3.391e+53 -1.171e+53 7.199e-07
1.591744e-06 3.125e+53 2.833e+53 -9.456e+52 6.879e-07
1.677283e-06 2.614e+53 2.359e+53 -7.599e+52 6.556e-07
1.770568e-06 2.181e+53 1.959e+53 -6.043e+52 6.244e-07
1.872126e-06 1.818e+53 1.623e+53 -4.746e+52 5.937e-07
1.982516e-06 1.510e+53 1.341e+53 -3.674e+52 5.638e-07
2.102333e-06 1.263e+53 1.115e+53 -2.851e+52 5.352e-07
2.232208e-06 1.053e+53 9.229e+52 -2.179e+52 5.071e-07
2.372818e-06 8.763e+52 7.628e+52 -1.638e+52 4.802e-07
2.524885e-06 7.288e+52 6.295e+52 -1.177e+52 4.543e-07
2.689181e-06 6.045e+52 5.177e+52 -8.245e+51 4.295e-07
2.866535e-06 5.021e+52 4.260e+52 -5.684e+51 4.065e-07
3.057837e-06 4.182e+52 3.515e+52 -3.944e+51 3.838e-07
3.264038e-06 3.484e+52 2.900e+52 -2.666e+51 3.627e-07
3.486164e-06 2.897e+52 2.385e+52 -1.681e+51 3.424e-07
3.725313e-06 2.405e+52 1.956e+52 -1.280e+51 3.235e-07
3.982667e-06 1.993e+52 1.599e+52 -1.066e+51 3.056e-07
4.259494e-06 1.663e+52 1.317e+52 -7.263e+50 2.887e-07
4.557156e-06 1.387e+52 1.083e+52 -3.909e+50 2.727e-07
4.877116e-06 1.155e+52 8.876e+51 -3.235e+50 2.576e-07
5.220947e-06 9.587e+51 7.238e+51 -3.562e+50 2.432e-07
5.590335e-06 7.965e+51 5.898e+51 -3.424e+50 2.299e-07
5.987093e-06 6.653e+51 4.834e+51 -2.303e+50 2.174e-07
6.413168e-06 5.559e+51 3.956e+51 -1.431e+50 2.056e-07
6.870646e-06 4.637e+51 3.224e+51 -1.574e+50 1.946e-07
7.361773e-06 3.859e+51 2.614e+51 -2.201e+50 1.841e-07
7.888953e-06 3.215e+51 2.117e+51 1.072e+50 1.743e-07
8.454770e-06 2.693e+51 1.724e+51 1.597e+50 1.651e-07
9.061998e-06 2.257e+51 1.401e+51 -1.188e+50 1.566e-07
9.713610e-06 1.887e+51 1.131e+51 -1.599e+50 1.485e-07
1.041280e-05 1.577e+51 9.088e+50 -2.080e+50 1.409e-07
1.116299e-05 1.323e+51 7.314e+50 -2.174e+50 1.338e-07
1.196786e-05 1.113e+51 5.899e+50 -1.875e+50 1.270e-07
1.283135e-05 9.388e+50 4.750e+50 -1.726e+50 1.209e-07
1.375769e-05 7.891e+50 3.788e+50 -2.212e+50 1.148e-07
1.475141e-05 6.650e+50 3.013e+50 -2.624e+50 1.093e-07
1.581739e-05 5.633e+50 2.404e+50 -2.396e+50 1.041e-07
1.696085e-05 4.793e+50 1.923e+50 -2.132e+50 9.943e-08
1.818739e-05 4.067e+50 1.523e+50 -2.178e+50 9.464e-08
1.950301e-05 3.469e+50 1.205e+50 -2.121e+50 9.049e-08
2.091416e-05 2.961e+50 9.478e+49 -1.941e+50 8.645e-08
2.242775e-05 2.537e+50 7.469e+49 -1.782e+50 8.266e-08
2.405120e-05 2.180e+50 5.880e+49 -1.560e+50 7.903e-08
2.579246e-05 1.880e+50 4.611e+49 -1.318e+50 7.580e-08
2.766005e-05 1.623e+50 3.596e+49 -1.154e+50 7.267e-08
2.966313e-05 1.402e+50 2.790e+49 -1.016e+50 6.957e-08
3.181151e-05 1.221e+50 2.174e+49 -8.045e+49 6.707e-08
3.411570e-05 1.060e+50 1.676e+49 -6.730e+49 6.431e-08
3.658701e-05 9.227e+49 1.289e+49 -5.693e+49 6.183e-08
3.923752e-05 8.062e+49 9.916e+48 -4.403e+49 5.958e-08
4.208023e-05 7.034e+49 7.565e+48 -3.569e+49 5.732e-08
4.512906e-05 6.161e+49 5.757e+48 -2.800e+49 5.535e-08
4.839894e-05 5.389e+49 4.325e+48 -2.208e+49 5.342e-08
5.190588e-05 4.710e+49 3.250e+48 -1.745e+49 5.153e-08
5.566708e-05 4.137e+49 2.454e+48 -1.271e+49 4.998e-08
5.970095e-05 3.617e+49 1.828e+48 -9.620e+48 4.835e-08
6.402724e-05 3.163e+49 1.348e+48 -7.294e+48 4.690e-08
6.866715e-05 2.764e+49 9.805e+47 -5.170e+48 4.559e-08
7.364342e-05 2.404e+49 7.145e+47 -3.738e+48 4.423e-08
7.898040e-05 2.083e+49 5.236e+47 -2.758e+48 4.292e-08
8.470425e-05 1.803e+49 3.778e+47 -1.854e+48 4.179e-08
9.084300e-05 1.553e+49 2.650e+47 -1.169e+48 4.075e-08
9.742672e-05 1.330e+49 1.829e+47 -7.370e+47 3.973e-08
1.044877e-04 1.131e+49 1.285e+47 -4.270e+47 3.874e-08
1.120604e-04 9.568e+48 9.127e+46 -1.930e+47 3.785e-08
1.201820e-04 8.010e+48 6.271e+46 -5.241e+46 3.694e-08
1.288924e-04 6.673e+48 4.093e+46 4.292e+46 3.623e-08
1.382340e-04 5.500e+48 2.631e+46 1.049e+47 3.554e-08
1.482528e-04 4.495e+48 1.775e+46 1.356e+47 3.497e-08
1.589977e-04 3.608e+48 1.203e+46 1.333e+47 3.424e-08
1.705215e-04 2.867e+48 7.710e+45 1.243e+47 3.368e-08
1.828805e-04 2.245e+48 4.528e+45 1.138e+47 3.317e-08
1.961353e-04 1.728e+48 2.586e+45 9.584e+46 3.264e-08
2.103508e-04 1.308e+48 1.676e+45 7.901e+46 3.219e-08
2.255966e-04 9.747e+47 1.090e+45 6.264e+46 3.189e-08
2.419475e-04 7.070e+47 6.289e+44 4.719e+46 3.144e-08
2.594835e-04 5.025e+47 3.158e+44 3.504e+46 3.109e-08
2.782905e-04 3.489e+47 1.559e+44 2.477e+46 3.083e-08
2.984606e-04 2.349e+47 9.864e+43 1.702e+46 3.046e-08
3.200927e-04 1.543e+47 6.020e+43 1.118e+46 3.028e-08
3.432926e-04 9.832e+46 3.027e+43 7.202e+45 3.014e-08
3.681741e-04 6.051e+46 1.159e+43 4.418e+45 3.001e-08
3.948590e-04 3.578e+46 4.330e+42 2.552e+45 2.981e-08
4.234779e-04 2.040e+46 2.770e+42 1.426e+45 2.974e-08
4.541712e-04 1.114e+46 1.577e+42 7.627e+44 2.968e-08
4.870891e-04 5.794e+45 6.770e+41 3.888e+44 2.955e-08
5.223929e-04 2.870e+45 1.648e+41 1.864e+44 2.948e-08
5.602555e-04 1.357e+45 4.358e+40 8.327e+43 2.965e-08
6.008623e-04 6.019e+44 2.796e+40 3.476e+43 2.965e-08
6.444123e-04 2.514e+44 1.485e+40 1.354e+43 2.973e-08
6.911188e-04 9.839e+43 5.348e+39 5.032e+42 2.989e-08
7.412106e-04 3.578e+43 6.175e+38 1.608e+42 3.001e-08
7.949329e-04 1.203e+43 1.033e+38 4.752e+41 3.013e-08
8.525491e-04 3.738e+42 6.574e+37 1.258e+41 3.038e-08
9.143412e-04 1.064e+42 3.322e+37 2.984e+40 3.072e-08
9.806119e-04 2.744e+41 9.685e+36 5.478e+39 3.099e-08
1.051686e-03 6.372e+40 2.117e+35 7.073e+38 3.124e-08
1.127911e-03 1.329e+40 2.897e+34 2.200e+37 3.160e-08
1.209662e-03 2.454e+39 1.809e+34 -2.205e+37 3.193e-08
1.297337e-03 3.992e+38 8.565e+33 -8.509e+36 3.232e-08
1.391367e-03 5.702e+37 1.830e+33 -2.283e+36 3.298e-08
1.492212e-03 6.966e+36 3.090e+29 -4.030e+35 3.339e-08
1.600367e-03 7.262e+35 2.201e+29 -6.201e+34 3.384e-08
1.716360e-03 6.387e+34 1.348e+29 -7.440e+33 3.434e-08
1.840761e-03 4.739e+33 5.908e+28 -7.463e+32 3.533e-08
1.974178e-03 2.847e+32 6.849e+27 -6.152e+31 3.587e-08
2.117265e-03 1.392e+31 5.237e+22 -4.172e+30 3.664e-08
2.270723e-03 5.405e+29 3.735e+22 -2.230e+29 3.734e-08
2.435303e-03 1.650e+28 2.246e+22 -9.640e+27 3.820e-08
2.611812e-03 3.897e+26 8.563e+21 -3.296e+26 3.933e-08
2.801114e-03 6.882e+24 1.971e+20 -8.725e+24 4.013e-08
3.004137e-03 9.012e+22 1.672e+11 -1.779e+23 4.111e-08
3.221875e-03 8.515e+20 3.334e+09 -2.708e+21 4.205e-08
3.455394e-03 5.736e+18 0.000e+00 -3.046e+19 4.345e-08
3.705838e-03 2.648e+16 0.000e+00 -2.470e+17 4.473e-08
3.974435e-03 8.162e+13 0.000e+00 -1.423e+15 4.595e-08
4.262499e-03 1.634e+11 0.000e+00 -5.613e+12 4.715e-08
4.571442e-03 2.071e+08 0.000e+00 -1.476e+10 4.863e-08
4.902777e-03 1.618e+05 0.000e+00 -2.512e+07 5.079e-08
5.258127e-03 0.000e+00 0.000e+00 1.354e+09 5.229e-08
5.639232e-03 0.000e+00 0.000e+00 3.368e+05 5.379e-08
6.047960e-03 0.000e+00 0.000e+00 0.000e+00 5.545e-08
6.486312e-03 0.000e+00 0.000e+00 0.000e+00 5.776e-08
6.956435e-03 0.000e+00 0.000e+00 0.000e+00 6.095e-08
7.460633e-03 0.000e+00 0.000e+00 0.000e+00 6.271e-08
8.001374e-03 0.000e+00 0.000e+00 0.000e+00 6.441e-08
8.581308e-03 0.000e+00 0.000e+00 0.000e+00 6.700e-08
9.203276e-03 0.000e+00 0.000e+00 0.000e+00 7.059e-08
9.870323e-03 0.000e+00 0.000e+00 0.000e+00 7.321e-08
1.058572e-02 0.000e+00 0.000e+00 0.000e+00 7.594e-08
1.135296e-02 0.000e+00 0.000e+00 0.000e+00 7.898e-08
1.217582e-02 0.000e+00 0.000e+00 0.000e+00 8.266e-08
1.305831e-02 0.000e+00 0.000e+00 0.000e+00 8.765e-08
1.400477e-02 0.000e+00 0.000e+00 0.000e+00 9.055e-08
1.501982e-02 0.000e+00 0.000e+00 0.000e+00 9.445e-08
1.610845e-02 0.000e+00 0.000e+00 0.000e+00 9.862e-08
1.727598e-02 0.000e+00 0.000e+00 0.000e+00 1.043e-07
1.852813e-02 0.000e+00 0.000e+00 0.000e+00 1.120e-07
1.987104e-02 0.000e+00 0.000e+00 0.000e+00 1.152e-07
2.131128e-02 0.000e+00 0.000e+00 0.000e+00 1.197e-07
2.285590e-02 0.000e+00 0.000e+00 0.000e+00 1.255e-07
2.451248e-02 0.000e+00 0.000e+00 0.000e+00 1.342e-07
2.628913e-02 0.000e+00 0.000e+00 0.000e+00 1.413e-07
2.819455e-02 0.000e+00 0.000e+00 0.000e+00 1.471e-07
3.023807e-02 0.000e+00 0.000e+00 0.000e+00 1.540e-07
3.242970e-02 0.000e+00 0.000e+00 0.000e+00 1.632e-07
3.478018e-02 0.000e+00 0.000e+00 0.000e+00 1.757e-07
3.730103e-02 0.000e+00 0.000e+00 0.000e+00 1.811e-07
4.000458e-02 0.000e+00 0.000e+00 0.000e+00 1.915e-07
4.290408e-02 0.000e+00 0.000e+00 0.000e+00 2.011e-07
4.601374e-02 0.000e+00 0.000e+00 0.000e+00 2.154e-07
4.934879e-02 0.000e+00 0.000e+00 0.000e+00 2.334e-07
5.292555e-02 0.000e+00 0.000e+00 0.000e+00 2.406e-07
5.676156e-02 0.000e+00 0.000e+00 0.000e+00 2.526e-07
6.087560e-02 0.000e+00 0.000e+00 0.000e+00 2.675e-07
6.528782e-02 0.000e+00 0.000e+00 0.000e+00 2.873e-07
7.001983e-02 0.000e+00 0.000e+00 0.000e+00 3.085e-07
7.509482e-02 0.000e+00 0.000e+00 0.000e+00 3.222e-07
8.053764e-02 0.000e+00 0.000e+00 0.000e+00 3.346e-07
8.637496e-02 0.000e+00 0.000e+00 0.000e+00 3.574e-07
9.263535e-02 0.000e+00 0.000e+00 0.000e+00 3.878e-07
9.934950e-02 0.000e+00 0.000e+00 0.000e+00 4.000e-07
1.065503e-01 0.000e+00 0.000e+00 0.000e+00 4.231e-07
1.142730e-01 0.000e+00 0.000e+00 0.000e+00 4.484e-07
1.225554e-01 0.000e+00 0.000e+00 0.000e+00 4.812e-07
1.314381e-01 0.000e+00 0.000e+00 0.000e+00 5.221e-07
1.409647e-01 0.000e+00 0.000e+00 0.000e+00 5.372e-07
1.511817e-01 0.000e+00 0.000e+00 0.000e+00 5.674e-07
1.621392e-01 0.000e+00 0.000e+00 0.000e+00 5.978e-07
1.738910e-01 0.000e+00 0.000e+00 0.000e+00 6.444e-07
1.864945e-01 0.000e+00 0.000e+00 0.000e+00 7.001e-07
2.000115e-01 0.000e+00 0.000e+00 0.000e+00 7.182e-07
2.145081e-01 0.000e+00 0.000e+00 0.000e+00 7.420e-07
2.300555e-01 0.000e+00 0.000e+00 0.000e+00 7.921e-07
2.467298e-01 0.000e+00 0.000e+00 0.000e+00 8.498e-07
2.646126e-01 0.000e+00 0.000e+00 0.000e+00 8.708e-07
2.837915e-01 0.000e+00 0.000e+00 0.000e+00 9.123e-07
3.043606e-01 0.000e+00 0.000e+00 0.000e+00 9.588e-07
3.264204e-01 0.000e+00 0.000e+00 0.000e+00 1.011e-06
3.500791e-01 0.000e+00 0.000e+00 0.000e+00 1.081e-06
3.754526e-01 0.000e+00 0.000e+00 0.000e+00 1.091e-06
4.026652e-01 0.000e+00 0.000e+00 0.000e+00 1.131e-06
4.318500e-01 0.000e+00 0.000e+00 0.000e+00 1.168e-06
4.631502e-01 0.000e+00 0.000e+00 0.000e+00 1.225e-06
4.967190e-01 0.000e+00 0.000e+00 0.000e+00 1.284e-06
5.327209e-01 0.000e+00 0.000e+00 0.000e+00 1.283e-06
5.713321e-01 0.000e+00 0.000e+00 0.000e+00 1.297e-06
6.127419e-01 0.000e+00 0.000e+00 0.000e+00 1.323e-06
6.571530e-01 0.000e+00 0.000e+00 0.000e+00 1.359e-06
7.047830e-01 0.000e+00 0.000e+00 0.000e+00 1.351e-06
7.558652e-01 0.000e+00 0.000e+00 0.000e+00 1.358e-06
8.106497e-01 0.000e+00 0.000e+00 0.000e+00 1.346e-06
8.694051e-01 0.000e+00 0.000e+00 0.000e+00 1.350e-06
9.324189e-01 0.000e+00 0.000e+00 0.000e+00 1.347e-06
1.000000e+00 0.000e+00 0.000e+00 0.000e+00 2.199e-06
