Photospheric1 results, Ver = 3.30 

Compilation Date = Dec 18 2014 
Compilation Time = 14:18:25 

physical parameters: 
====================

L_GRB = 1.000e+52  Tau = 2.000e+01
epsilon_e = 9.000e-01   epsilon_B = 1.000e-12 
power_law = 2.00e+00 Gamma_i = 2.500e+02 delta_t = 4.975e-03

 epsilon_d = 3.000e-01   epsilon_pl = 0.000e+00  E_m_acc = 0.000000e+00 
T0 = 1.956e-09 [erg], L_0 = 1.000e+52 [erg/s] 

collision radius = 3.731e+10 [cm] volume = 6.527e+32 [cm^3]
N_shell = 1.322e+50, number of particles within the colliding shell 
B = 4.794e+01 

Electrons minimum gb = 1.000e-03 , maximum gb(gamma*beta) = 1.220e+06 
# of electrons cells = 300 
in gb[j] = gb0*x^j , x= 1.0725e+00 

Photons minimum energy = 1.000e-14 [erg], maximum energy = 1.000e+00 [erg]
# of photon cells = 100 
in E[j] = E0*x^j , x= 1.3849e+00 

do_pairs =   1 do_annihilate =   1 do_compton =   1  

t_dyn = 4.975e-03 time_step = 4.975e-06 dt_min = 9.950e-09

Initial thermal component: 

Energy   dN_thermal 
-------------------------------
1.000e-14  4.517e+46 
1.385e-14  8.664e+46 
1.918e-14  1.662e+47 
2.656e-14  3.187e+47 
3.678e-14  6.112e+47 
5.094e-14  1.172e+48 
7.055e-14  2.248e+48 
9.770e-14  4.312e+48 
1.353e-13  8.270e+48 
1.874e-13  1.586e+49 
2.595e-13  3.042e+49 
3.594e-13  5.834e+49 
4.977e-13  1.119e+50 
6.893e-13  2.146e+50 
9.545e-13  4.115e+50 
1.322e-12  7.891e+50 
1.831e-12  1.513e+51 
2.535e-12  2.902e+51 
3.511e-12  5.563e+51 
4.863e-12  1.067e+52 
6.734e-12  2.044e+52 
9.326e-12  3.918e+52 
1.292e-11  7.506e+52 
1.789e-11  1.437e+53 
2.477e-11  2.751e+53 
3.430e-11  5.260e+53 
4.751e-11  1.005e+54 
6.579e-11  1.916e+54 
9.112e-11  3.646e+54 
1.262e-10  6.916e+54 
1.748e-10  1.306e+55 
2.420e-10  2.453e+55 
3.352e-10  4.566e+55 
4.642e-10  8.401e+55 
6.428e-10  1.520e+56 
8.902e-10  2.684e+56 
1.233e-09  4.578e+56 
1.707e-09  7.421e+56 
2.364e-09  1.115e+57 
3.275e-09  1.498e+57 
4.535e-09  1.699e+57 
6.280e-09  1.497e+57 
8.697e-09  9.140e+56 
1.205e-08  3.330e+56 
1.668e-08  5.992e+55 
2.310e-08  4.177e+54 
3.199e-08  8.117e+52 
4.431e-08  2.759e+50 
6.136e-08  8.435e+46 
8.498e-08  9.134e+41 
1.177e-07  9.618e+34 
1.630e-07  1.646e+25 
2.257e-07  3.854e+11 
3.126e-07  4.003e-08 
4.329e-07  1.601e-34 
5.995e-07  3.441e-71 
8.302e-07  4.406e-122 
1.150e-06  1.116e-192 
1.592e-06  0.000e+00 
2.205e-06  0.000e+00 
3.054e-06  0.000e+00 
4.229e-06  0.000e+00 
5.857e-06  0.000e+00 
8.111e-06  0.000e+00 
1.123e-05  0.000e+00 
1.556e-05  0.000e+00 
2.154e-05  0.000e+00 
2.984e-05  0.000e+00 
4.132e-05  0.000e+00 
5.722e-05  0.000e+00 
7.925e-05  0.000e+00 
1.097e-04  0.000e+00 
1.520e-04  0.000e+00 
2.105e-04  0.000e+00 
2.915e-04  0.000e+00 
4.037e-04  0.000e+00 
5.591e-04  0.000e+00 
7.743e-04  0.000e+00 
1.072e-03  0.000e+00 
1.485e-03  0.000e+00 
2.057e-03  0.000e+00 
2.848e-03  0.000e+00 
3.944e-03  0.000e+00 
5.462e-03  0.000e+00 
7.565e-03  0.000e+00 
1.048e-02  0.000e+00 
1.451e-02  0.000e+00 
2.009e-02  0.000e+00 
2.783e-02  0.000e+00 
3.854e-02  0.000e+00 
5.337e-02  0.000e+00 
7.391e-02  0.000e+00 
1.024e-01  0.000e+00 
1.417e-01  0.000e+00 
1.963e-01  0.000e+00 
2.719e-01  0.000e+00 
3.765e-01  0.000e+00 
5.214e-01  0.000e+00 
7.221e-01  0.000e+00 

Final spectrum
photons: E_g     N_g     dNg_dt 
-------------------------------------
1.385e-14 1.870e+47 -1.769e+50 
1.918e-14 3.168e+47 -6.936e+49 
2.656e-14 4.320e+47 2.602e+49 
3.678e-14 5.746e+47 1.484e+50 
5.094e-14 8.043e+47 3.395e+50 
7.055e-14 1.220e+48 6.650e+50 
9.770e-14 1.996e+48 1.240e+51 
1.353e-13 3.443e+48 2.265e+51 
1.874e-13 6.119e+48 4.090e+51 
2.595e-13 1.102e+49 7.323e+51 
3.594e-13 1.993e+49 1.301e+52 
4.977e-13 3.597e+49 2.291e+52 
6.893e-13 6.463e+49 3.999e+52 
9.545e-13 1.154e+50 6.916e+52 
1.322e-12 2.046e+50 1.184e+53 
1.831e-12 3.598e+50 2.008e+53 
2.535e-12 6.275e+50 3.367e+53 
3.511e-12 1.085e+51 5.585e+53 
4.863e-12 1.859e+51 9.159e+53 
6.734e-12 3.154e+51 1.484e+54 
9.326e-12 5.309e+51 2.379e+54 
1.292e-11 8.869e+51 3.777e+54 
1.789e-11 1.462e+52 5.898e+54 
2.477e-11 2.383e+52 9.076e+54 
3.430e-11 3.844e+52 1.378e+55 
4.751e-11 6.137e+52 2.062e+55 
6.579e-11 9.688e+52 3.037e+55 
9.112e-11 1.512e+53 4.396e+55 
1.262e-10 2.334e+53 6.244e+55 
1.748e-10 3.545e+53 8.630e+55 
2.420e-10 5.288e+53 1.153e+56 
3.352e-10 7.779e+53 1.484e+56 
4.642e-10 1.122e+54 1.806e+56 
6.428e-10 1.581e+54 2.010e+56 
8.902e-10 2.175e+54 1.931e+56 
1.233e-09 2.907e+54 1.312e+56 
1.707e-09 3.715e+54 -1.899e+55 
2.364e-09 4.496e+54 -2.674e+56 
3.275e-09 5.106e+54 -5.539e+56 
4.535e-09 5.316e+54 -7.204e+56 
6.280e-09 4.972e+54 -5.685e+56 
8.697e-09 4.105e+54 -1.203e+56 
1.205e-08 2.979e+54 2.725e+56 
1.668e-08 1.900e+54 3.475e+56 
2.310e-08 1.038e+54 2.287e+56 
3.199e-08 4.618e+53 1.066e+56 
4.431e-08 1.574e+53 3.629e+55 
6.136e-08 3.943e+52 8.387e+54 
8.498e-08 8.709e+51 1.317e+54 
1.177e-07 3.532e+51 3.018e+53 
1.630e-07 2.036e+51 5.314e+52 
2.257e-07 1.284e+51 -8.862e+52 
3.126e-07 8.340e+50 -1.889e+53 
4.329e-07 5.490e+50 -2.626e+53 
5.995e-07 6.835e+50 -2.766e+53 
8.302e-07 1.476e+50 -3.530e+53 
1.150e-06 9.279e+49 -3.551e+53 
1.592e-06 5.509e+49 -3.374e+53 
2.205e-06 3.158e+49 -2.981e+53 
3.054e-06 1.780e+49 -2.477e+53 
4.229e-06 9.779e+48 -1.951e+53 
5.857e-06 5.169e+48 -1.482e+53 
8.111e-06 2.574e+48 -1.114e+53 
1.123e-05 1.098e+48 -8.406e+52 
1.556e-05 3.081e+47 -6.354e+52 
2.154e-05 6.627e+46 -4.796e+52 
2.984e-05 1.555e+46 -3.646e+52 
4.132e-05 4.380e+45 -2.767e+52 
5.722e-05 1.470e+45 -2.095e+52 
7.925e-05 5.731e+44 -1.588e+52 
1.097e-04 2.474e+44 -1.178e+52 
1.520e-04 1.148e+44 -8.426e+51 
2.105e-04 5.542e+43 -5.691e+51 
2.915e-04 2.564e+43 -3.382e+51 
4.037e-04 1.110e+43 -1.743e+51 
5.591e-04 3.861e+42 -6.773e+50 
7.743e-04 9.540e+41 -1.769e+50 
1.072e-03 1.518e+41 -2.837e+49 
1.485e-03 1.147e+40 -2.078e+48 
2.057e-03 2.650e+38 -4.434e+46 
2.848e-03 1.980e+36 -7.767e+43 
3.944e-03 2.308e+33 -4.317e+34 
5.462e-03 7.393e+28 -1.550e+30 
7.565e-03 1.163e+23 -3.323e+24 
1.048e-02 9.242e+14 -2.991e+16 
1.451e-02 8.069e+07 1.512e+10 
2.009e-02 4.585e-12 -9.391e-12 
2.783e-02 0.000e+00 6.428e-30 
3.854e-02 0.000e+00 2.107e-60 
5.337e-02 0.000e+00 0.000e+00 
7.391e-02 0.000e+00 0.000e+00 
1.024e-01 0.000e+00 0.000e+00 
1.417e-01 0.000e+00 0.000e+00 
1.963e-01 0.000e+00 0.000e+00 
2.719e-01 0.000e+00 0.000e+00 
3.765e-01 0.000e+00 0.000e+00 
5.214e-01 0.000e+00 0.000e+00 
7.221e-01 0.000e+00 0.000e+00 
1.000e+00 0.000e+00 0.000e+00 

Electron distribution

 electrons: E_e     N_e    N_pos    dNe_dt    dt
-------------------------------------
8.198105e-07 0.000e+00 0.000e+00 3.828e+48 -6.044e-13
8.198105e-07 7.396e+39 0.000e+00 -3.328e+48 -6.964e-13
8.198106e-07 4.381e+39 0.000e+00 0.000e+00 -7.998e-13
8.198107e-07 4.698e+39 0.000e+00 0.000e+00 -9.183e-13
8.198108e-07 5.039e+39 0.000e+00 -6.490e+32 -1.057e-12
8.198109e-07 5.404e+39 0.000e+00 0.000e+00 -1.216e-12
8.198111e-07 5.796e+39 0.000e+00 -6.490e+32 -1.402e-12
8.198113e-07 6.216e+39 0.000e+00 0.000e+00 -1.613e-12
8.198114e-07 6.666e+39 0.000e+00 1.298e+33 -1.855e-12
8.198117e-07 7.149e+39 0.000e+00 0.000e+00 -2.131e-12
8.198119e-07 7.668e+39 0.000e+00 1.298e+33 -2.452e-12
8.198122e-07 2.190e+49 2.190e+49 -3.182e+50 -2.815e-12
8.198125e-07 8.819e+39 0.000e+00 1.298e+33 -3.244e-12
8.198129e-07 9.459e+39 0.000e+00 0.000e+00 -3.737e-12
8.198133e-07 1.014e+40 0.000e+00 0.000e+00 -4.299e-12
8.198138e-07 1.088e+40 0.000e+00 0.000e+00 -4.943e-12
8.198144e-07 1.175e+49 1.175e+49 -1.707e+50 -5.675e-12
8.198151e-07 1.251e+40 0.000e+00 0.000e+00 -6.531e-12
8.198159e-07 9.496e+48 9.496e+48 -1.379e+50 -7.510e-12
8.198167e-07 1.439e+40 0.000e+00 0.000e+00 -8.636e-12
8.198177e-07 7.613e+48 7.613e+48 -1.106e+50 -9.953e-12
8.198189e-07 1.656e+40 0.000e+00 -2.596e+33 -1.145e-11
8.198202e-07 6.066e+48 6.066e+48 -8.811e+49 -1.315e-11
8.198218e-07 5.531e+48 5.531e+48 -8.034e+49 -1.511e-11
8.198236e-07 5.023e+48 5.023e+48 -7.296e+49 -1.740e-11
8.198256e-07 4.545e+48 4.545e+48 -6.602e+49 -1.998e-11
8.198279e-07 4.101e+48 4.101e+48 -5.957e+49 -2.300e-11
8.198306e-07 7.502e+48 7.502e+48 -1.090e+50 -2.648e-11
8.198337e-07 3.416e+48 3.416e+48 -4.961e+49 -3.039e-11
8.198373e-07 6.195e+48 6.195e+48 -8.999e+49 -3.500e-11
8.198414e-07 2.592e+49 2.592e+49 -1.083e+51 -4.027e-11
8.198461e-07 5.278e+48 5.278e+48 -7.667e+49 -4.625e-11
8.198515e-07 7.239e+48 7.239e+48 -1.052e+50 -5.319e-11
8.198578e-07 8.939e+48 8.939e+48 -1.298e+50 -6.131e-11
8.198649e-07 8.755e+49 8.755e+49 -7.358e+51 -7.050e-11
8.198732e-07 1.978e+49 1.978e+49 -7.837e+50 -8.116e-11
8.198827e-07 1.860e+49 1.860e+49 -1.215e+51 -9.326e-11
8.198936e-07 1.140e+49 1.140e+49 -1.656e+50 -1.077e-10
8.199062e-07 7.919e+49 7.919e+49 -6.380e+51 -1.241e-10
8.199206e-07 6.079e+49 6.079e+49 -7.496e+51 -1.433e-10
8.199372e-07 2.790e+49 2.790e+49 -1.829e+51 -1.648e-10
8.199563e-07 6.440e+49 6.440e+49 -5.058e+51 -1.905e-10
8.199783e-07 2.741e+49 2.741e+49 -1.422e+51 -2.202e-10
8.200036e-07 8.626e+49 8.626e+49 -9.402e+51 -2.545e-10
8.200327e-07 6.444e+49 6.444e+49 -6.839e+51 -2.931e-10
8.200661e-07 6.080e+49 6.080e+49 -4.440e+51 -3.403e-10
8.201046e-07 7.814e+49 7.814e+49 -7.627e+51 -3.940e-10
8.201488e-07 8.944e+49 8.944e+49 -8.291e+51 -4.579e-10
8.201997e-07 8.266e+49 8.266e+49 -8.007e+51 -5.311e-10
8.202582e-07 9.635e+49 9.635e+49 -9.721e+51 -6.137e-10
8.203255e-07 8.987e+49 8.987e+49 -7.888e+51 -7.229e-10
8.204029e-07 1.114e+50 1.114e+50 -1.098e+52 -8.404e-10
8.204919e-07 1.185e+50 1.185e+50 -1.069e+52 -9.870e-10
8.205943e-07 7.013e+50 7.013e+50 -6.697e+52 -1.166e-09
8.207120e-07 8.896e+50 8.896e+50 -8.720e+52 -1.371e-09
8.208475e-07 1.138e+51 1.138e+51 -1.096e+53 -1.631e-09
8.210032e-07 1.443e+51 1.443e+51 -1.393e+53 -1.956e-09
8.211823e-07 1.892e+51 1.892e+51 -1.842e+53 -2.347e-09
8.213882e-07 2.470e+51 2.470e+51 -2.429e+53 -2.856e-09
8.216250e-07 3.242e+51 3.242e+51 -3.185e+53 -3.507e-09
8.218973e-07 4.378e+51 4.378e+51 -4.295e+53 -4.395e-09
8.222103e-07 5.979e+51 5.979e+51 -5.898e+53 -5.615e-09
8.225703e-07 8.446e+51 8.446e+51 -8.398e+53 -7.319e-09
8.229841e-07 1.268e+52 1.268e+52 -1.282e+54 -1.016e-08
8.234599e-07 2.052e+52 2.052e+52 -2.097e+54 -1.532e-08
8.240067e-07 3.785e+52 3.785e+52 -3.980e+54 -2.648e-08
8.246353e-07 2.108e+59 2.043e+59 7.336e+61 -7.996e-08
8.253577e-07 2.653e+59 2.571e+59 1.061e+62 1.006e-07
8.261878e-07 5.594e+55 5.554e+55 -8.645e+57 3.150e-08
8.271415e-07 3.102e+55 3.079e+55 -4.904e+57 2.007e-08
8.282372e-07 2.017e+55 2.002e+55 -3.213e+57 1.499e-08
8.294957e-07 1.456e+55 1.446e+55 -2.328e+57 1.244e-08
8.309408e-07 1.094e+55 1.086e+55 -1.755e+57 1.073e-08
8.325999e-07 8.554e+54 8.493e+54 -1.374e+57 9.639e-09
8.345042e-07 6.827e+54 6.777e+54 -1.098e+57 8.834e-09
8.366892e-07 5.521e+54 5.482e+54 -8.887e+56 8.203e-09
8.391953e-07 4.544e+54 4.512e+54 -7.319e+56 7.750e-09
8.420686e-07 3.779e+54 3.752e+54 -6.088e+56 7.395e-09
8.453615e-07 3.151e+54 3.128e+54 -5.079e+56 7.073e-09
8.491332e-07 2.652e+54 2.633e+54 -4.275e+56 6.828e-09
8.534509e-07 2.240e+54 2.223e+54 -3.611e+56 6.611e-09
8.583903e-07 1.902e+54 1.889e+54 -3.069e+56 6.436e-09
8.640367e-07 1.615e+54 1.604e+54 -2.607e+56 6.261e-09
8.704860e-07 1.379e+54 1.369e+54 -2.227e+56 6.122e-09
8.778454e-07 1.179e+54 1.171e+54 -1.906e+56 5.993e-09
8.862348e-07 1.010e+54 1.002e+54 -1.633e+56 5.872e-09
8.957872e-07 8.651e+53 8.587e+53 -1.400e+56 5.755e-09
9.066500e-07 7.421e+53 7.365e+53 -1.202e+56 5.644e-09
9.189857e-07 6.365e+53 6.318e+53 -1.032e+56 5.532e-09
9.329728e-07 5.469e+53 5.427e+53 -8.881e+55 5.427e-09
9.488060e-07 4.698e+53 4.662e+53 -7.640e+55 5.322e-09
9.666968e-07 4.030e+53 3.999e+53 -6.566e+55 5.211e-09
9.868741e-07 3.456e+53 3.429e+53 -5.642e+55 5.100e-09
1.009584e-06 2.957e+53 2.934e+53 -4.840e+55 4.980e-09
1.035089e-06 2.530e+53 2.510e+53 -4.153e+55 4.863e-09
1.063669e-06 2.159e+53 2.141e+53 -3.556e+55 4.738e-09
1.095620e-06 1.839e+53 1.823e+53 -3.040e+55 4.610e-09
1.131256e-06 1.562e+53 1.549e+53 -2.593e+55 4.477e-09
1.170904e-06 1.325e+53 1.313e+53 -2.207e+55 4.338e-09
1.214909e-06 1.122e+53 1.112e+53 -1.875e+55 4.201e-09
1.263630e-06 9.469e+52 9.381e+52 -1.587e+55 4.057e-09
1.317444e-06 7.965e+52 7.888e+52 -1.340e+55 3.912e-09
1.376742e-06 6.694e+52 6.627e+52 -1.128e+55 3.767e-09
1.441935e-06 5.647e+52 5.588e+52 -9.503e+54 3.620e-09
1.513453e-06 4.751e+52 4.700e+52 -7.971e+54 3.474e-09
1.591744e-06 3.987e+52 3.942e+52 -6.658e+54 3.329e-09
1.677283e-06 3.338e+52 3.299e+52 -5.535e+54 3.184e-09
1.770568e-06 2.789e+52 2.754e+52 -4.585e+54 3.044e-09
1.872126e-06 2.327e+52 2.296e+52 -3.784e+54 2.906e-09
1.982516e-06 1.937e+52 1.910e+52 -3.108e+54 2.772e-09
2.102333e-06 1.625e+52 1.602e+52 -2.565e+54 2.645e-09
2.232208e-06 1.357e+52 1.337e+52 -2.099e+54 2.517e-09
2.372818e-06 1.134e+52 1.116e+52 -1.714e+54 2.396e-09
2.524885e-06 9.464e+51 9.305e+51 -1.395e+54 2.280e-09
2.689181e-06 7.887e+51 7.747e+51 -1.129e+54 2.169e-09
2.866535e-06 6.581e+51 6.457e+51 -9.120e+53 2.065e-09
3.057837e-06 5.514e+51 5.405e+51 -7.392e+53 1.964e-09
3.264038e-06 4.624e+51 4.528e+51 -5.983e+53 1.870e-09
3.486164e-06 3.871e+51 3.786e+51 -4.819e+53 1.778e-09
3.725313e-06 3.236e+51 3.161e+51 -3.860e+53 1.692e-09
3.982667e-06 2.703e+51 2.637e+51 -3.074e+53 1.612e-09
4.259494e-06 2.273e+51 2.214e+51 -2.475e+53 1.535e-09
4.557156e-06 1.913e+51 1.861e+51 -1.993e+53 1.464e-09
4.877116e-06 1.608e+51 1.562e+51 -1.596e+53 1.397e-09
5.220947e-06 1.346e+51 1.305e+51 -1.265e+53 1.332e-09
5.590335e-06 1.127e+51 1.090e+51 -9.986e+52 1.272e-09
5.987093e-06 9.474e+50 9.149e+50 -7.962e+52 1.214e-09
6.413168e-06 7.978e+50 7.689e+50 -6.340e+52 1.161e-09
6.870646e-06 6.707e+50 6.449e+50 -4.995e+52 1.112e-09
7.361773e-06 5.623e+50 5.393e+50 -3.880e+52 1.065e-09
7.888953e-06 4.704e+50 4.499e+50 -3.953e+59 1.020e-09
8.454770e-06 2.247e+49 2.247e+49 2.259e+58 9.782e-10
9.061998e-06 2.062e+49 2.062e+49 2.072e+58 9.399e-10
9.713610e-06 1.911e+49 1.911e+49 1.921e+58 9.034e-10
1.041280e-05 1.659e+49 1.659e+49 1.667e+58 8.685e-10
1.116299e-05 1.348e+49 1.348e+49 1.355e+58 8.361e-10
1.196786e-05 1.111e+49 1.111e+49 1.117e+58 8.053e-10
1.283135e-05 1.025e+49 1.025e+49 1.031e+58 7.769e-10
1.375769e-05 9.493e+48 9.492e+48 9.541e+57 7.494e-10
1.475141e-05 8.303e+48 8.302e+48 8.345e+57 7.246e-10
1.581739e-05 6.648e+48 6.647e+48 6.682e+57 7.014e-10
1.696085e-05 5.645e+48 5.644e+48 5.674e+57 6.797e-10
1.818739e-05 5.056e+48 5.054e+48 5.081e+57 6.575e-10
1.950301e-05 4.736e+48 4.734e+48 4.759e+57 6.391e-10
2.091416e-05 4.197e+48 4.195e+48 4.218e+57 6.209e-10
2.242775e-05 3.385e+48 3.383e+48 3.402e+57 6.042e-10
2.405120e-05 2.914e+48 2.912e+48 2.929e+57 5.873e-10
2.579246e-05 2.586e+48 2.583e+48 2.599e+57 5.730e-10
2.766005e-05 2.406e+48 2.403e+48 2.418e+57 5.592e-10
2.966313e-05 2.120e+48 2.116e+48 2.130e+57 5.455e-10
3.181151e-05 1.779e+48 1.775e+48 1.788e+57 5.343e-10
3.411570e-05 1.503e+48 1.498e+48 1.511e+57 5.222e-10
3.658701e-05 1.318e+48 1.312e+48 1.325e+57 5.111e-10
3.923752e-05 1.224e+48 1.218e+48 1.230e+57 5.014e-10
4.208023e-05 1.069e+48 1.062e+48 1.074e+57 4.919e-10
4.512906e-05 9.312e+47 9.234e+47 9.359e+56 4.841e-10
4.839894e-05 7.654e+47 7.567e+47 7.693e+56 4.752e-10
5.190588e-05 6.657e+47 6.559e+47 6.691e+56 4.679e-10
5.566708e-05 6.160e+47 6.051e+47 6.192e+56 4.615e-10
5.970095e-05 5.428e+47 5.307e+47 5.456e+56 4.551e-10
6.402724e-05 4.720e+47 4.584e+47 4.744e+56 4.501e-10
6.866715e-05 3.859e+47 3.708e+47 3.879e+56 4.455e-10
7.364342e-05 3.306e+47 3.139e+47 3.323e+56 4.410e-10
7.898040e-05 3.066e+47 2.881e+47 3.081e+56 4.364e-10
8.470425e-05 2.790e+47 2.586e+47 2.804e+56 4.333e-10
9.084300e-05 2.401e+47 2.176e+47 2.413e+56 4.298e-10
9.742672e-05 1.932e+47 1.686e+47 1.942e+56 4.273e-10
1.044877e-04 1.690e+47 1.422e+47 1.699e+56 4.242e-10
1.120604e-04 1.598e+47 1.306e+47 1.606e+56 4.233e-10
1.201820e-04 1.503e+47 1.187e+47 1.511e+56 4.211e-10
1.288924e-04 1.308e+47 9.666e+46 1.314e+56 4.209e-10
1.382340e-04 1.071e+47 7.047e+46 1.076e+56 4.201e-10
1.482528e-04 9.860e+46 5.948e+46 9.910e+55 4.215e-10
1.589977e-04 9.711e+46 5.555e+46 9.760e+55 4.203e-10
1.705215e-04 9.380e+46 4.989e+46 9.427e+55 4.216e-10
1.828805e-04 8.532e+46 3.923e+46 8.576e+55 4.232e-10
1.961353e-04 7.360e+46 2.552e+46 7.397e+55 4.242e-10
2.103508e-04 7.188e+46 2.209e+46 7.225e+55 4.271e-10
2.255966e-04 7.235e+46 2.118e+46 7.272e+55 4.299e-10
2.419475e-04 7.100e+46 1.883e+46 7.136e+55 4.321e-10
2.594835e-04 6.638e+46 1.365e+46 6.671e+55 4.368e-10
2.782905e-04 6.052e+46 7.737e+45 6.083e+55 4.405e-10
2.984606e-04 5.942e+46 7.104e+45 5.972e+55 4.432e-10
3.200927e-04 5.823e+46 6.940e+45 5.853e+55 4.477e-10
3.432926e-04 5.583e+46 6.119e+45 5.611e+55 4.553e-10
3.681741e-04 5.141e+46 3.822e+45 5.167e+55 4.611e-10
3.948590e-04 4.674e+46 1.789e+45 4.697e+55 4.666e-10
4.234779e-04 4.364e+46 1.781e+45 4.386e+55 4.739e-10
4.541712e-04 4.015e+46 1.768e+45 4.035e+55 4.809e-10
4.870891e-04 3.617e+46 1.548e+45 3.636e+55 4.895e-10
5.223929e-04 3.140e+46 7.113e+44 3.156e+55 4.979e-10
5.602555e-04 2.699e+46 2.994e+44 2.713e+55 5.084e-10
6.008623e-04 2.306e+46 3.134e+44 2.318e+55 5.167e-10
6.444123e-04 1.929e+46 3.179e+44 1.939e+55 5.271e-10
6.911188e-04 1.573e+46 2.714e+44 1.581e+55 5.437e-10
7.412106e-04 1.236e+46 7.316e+43 1.242e+55 5.534e-10
7.949329e-04 9.538e+45 3.222e+43 9.587e+54 5.638e-10
8.525491e-04 7.181e+45 3.477e+43 7.218e+54 5.787e-10
9.143412e-04 5.246e+45 3.649e+43 5.272e+54 5.959e-10
9.806119e-04 3.703e+45 2.869e+43 3.721e+54 6.109e-10
1.051686e-03 2.503e+45 2.507e+42 2.516e+54 6.276e-10
1.127911e-03 1.640e+45 1.647e+42 1.649e+54 6.437e-10
1.209662e-03 1.033e+45 1.834e+42 1.038e+54 6.617e-10
1.297337e-03 6.228e+44 2.002e+42 6.260e+53 6.857e-10
1.391367e-03 3.579e+44 1.173e+42 3.597e+53 7.073e-10
1.492212e-03 1.949e+44 2.278e+40 1.959e+53 7.270e-10
1.600367e-03 1.009e+44 2.572e+40 1.014e+53 7.480e-10
1.716360e-03 4.933e+43 2.978e+40 4.958e+52 7.745e-10
1.840761e-03 2.267e+43 3.384e+40 2.279e+52 8.153e-10
1.974178e-03 9.738e+42 1.120e+40 9.787e+51 8.365e-10
2.117265e-03 3.891e+42 1.102e+38 3.911e+51 8.624e-10
2.270723e-03 1.442e+42 1.284e+38 1.449e+51 8.916e-10
2.435303e-03 4.923e+41 1.564e+38 4.948e+50 9.321e-10
2.611812e-03 1.540e+41 1.809e+38 1.548e+50 9.739e-10
2.801114e-03 6.229e+40 1.605e+37 -5.561e+41 1.004e-09
3.004137e-03 1.602e+40 5.256e+35 -1.508e+41 1.042e-09
3.221875e-03 3.720e+39 4.234e+35 -3.748e+40 1.084e-09
3.455394e-03 7.819e+38 3.060e+35 -8.572e+39 1.145e-09
3.705838e-03 1.422e+38 1.465e+35 -1.599e+39 1.182e-09
3.974435e-03 2.288e+37 1.480e+31 -2.718e+38 1.233e-09
4.262499e-03 3.185e+36 1.257e+31 -3.967e+37 1.281e-09
4.571442e-03 3.850e+35 1.010e+31 -5.099e+36 1.344e-09
4.902777e-03 4.015e+34 7.076e+30 -5.717e+35 1.433e-09
5.258127e-03 3.412e+33 2.506e+30 -4.972e+34 1.481e-09
5.639232e-03 2.407e+32 1.741e+25 -3.623e+33 1.537e-09
6.047960e-03 1.399e+31 1.481e+25 -2.200e+32 1.605e-09
6.486312e-03 6.641e+29 1.186e+25 -1.108e+31 1.702e-09
6.956435e-03 2.516e+28 7.809e+24 -4.431e+29 1.817e-09
7.460633e-03 7.199e+26 1.023e+24 -1.294e+28 1.879e-09
8.001374e-03 1.577e+25 1.033e+17 -2.925e+26 1.951e-09
8.581308e-03 2.629e+23 8.806e+16 -5.065e+24 2.053e-09
9.203276e-03 3.272e+21 6.964e+16 -6.644e+22 2.198e-09
9.870323e-03 2.832e+19 3.971e+16 -5.816e+20 2.277e-09
1.058572e-02 1.735e+17 0.000e+00 -3.691e+18 2.391e-09
1.135296e-02 7.261e+14 0.000e+00 -1.602e+16 2.509e-09
1.217582e-02 2.042e+12 0.000e+00 -4.760e+13 2.666e-09
1.305831e-02 3.744e+09 0.000e+00 -9.309e+10 2.869e-09
1.400477e-02 4.121e+06 0.000e+00 -1.070e+08 2.970e-09
1.501982e-02 2.780e+03 0.000e+00 -8.121e+04 3.127e-09
1.610845e-02 0.000e+00 0.000e+00 3.198e+08 3.287e-09
1.727598e-02 0.000e+00 0.000e+00 6.653e+04 3.517e-09
1.852813e-02 0.000e+00 0.000e+00 0.000e+00 3.820e-09
1.987104e-02 0.000e+00 0.000e+00 0.000e+00 3.946e-09
2.131128e-02 0.000e+00 0.000e+00 0.000e+00 4.103e-09
2.285590e-02 0.000e+00 0.000e+00 0.000e+00 4.350e-09
2.451248e-02 0.000e+00 0.000e+00 0.000e+00 4.699e-09
2.628913e-02 0.000e+00 0.000e+00 0.000e+00 4.916e-09
2.819455e-02 0.000e+00 0.000e+00 0.000e+00 5.174e-09
3.023807e-02 0.000e+00 0.000e+00 0.000e+00 5.469e-09
3.242970e-02 0.000e+00 0.000e+00 0.000e+00 5.855e-09
3.478018e-02 0.000e+00 0.000e+00 0.000e+00 6.360e-09
3.730103e-02 0.000e+00 0.000e+00 0.000e+00 6.571e-09
4.000458e-02 0.000e+00 0.000e+00 0.000e+00 6.982e-09
4.290408e-02 0.000e+00 0.000e+00 0.000e+00 7.377e-09
4.601374e-02 0.000e+00 0.000e+00 0.000e+00 7.956e-09
4.934879e-02 0.000e+00 0.000e+00 0.000e+00 8.691e-09
5.292555e-02 0.000e+00 0.000e+00 0.000e+00 8.991e-09
5.676156e-02 0.000e+00 0.000e+00 0.000e+00 9.426e-09
6.087560e-02 0.000e+00 0.000e+00 0.000e+00 1.008e-08
6.528782e-02 0.000e+00 0.000e+00 0.000e+00 1.092e-08
7.001983e-02 0.000e+00 0.000e+00 0.000e+00 1.159e-08
7.509482e-02 0.000e+00 0.000e+00 0.000e+00 1.226e-08
8.053764e-02 0.000e+00 0.000e+00 0.000e+00 1.290e-08
8.637496e-02 0.000e+00 0.000e+00 0.000e+00 1.386e-08
9.263535e-02 0.000e+00 0.000e+00 0.000e+00 1.514e-08
9.934950e-02 0.000e+00 0.000e+00 0.000e+00 1.567e-08
1.065503e-01 0.000e+00 0.000e+00 0.000e+00 1.667e-08
1.142730e-01 0.000e+00 0.000e+00 0.000e+00 1.775e-08
1.225554e-01 0.000e+00 0.000e+00 0.000e+00 1.927e-08
1.314381e-01 0.000e+00 0.000e+00 0.000e+00 2.110e-08
1.409647e-01 0.000e+00 0.000e+00 0.000e+00 2.182e-08
1.511817e-01 0.000e+00 0.000e+00 0.000e+00 2.320e-08
1.621392e-01 0.000e+00 0.000e+00 0.000e+00 2.470e-08
1.738910e-01 0.000e+00 0.000e+00 0.000e+00 2.689e-08
1.864945e-01 0.000e+00 0.000e+00 0.000e+00 2.954e-08
2.000115e-01 0.000e+00 0.000e+00 0.000e+00 3.066e-08
2.145081e-01 0.000e+00 0.000e+00 0.000e+00 3.197e-08
2.300555e-01 0.000e+00 0.000e+00 0.000e+00 3.461e-08
2.467298e-01 0.000e+00 0.000e+00 0.000e+00 3.792e-08
2.646126e-01 0.000e+00 0.000e+00 0.000e+00 3.924e-08
2.837915e-01 0.000e+00 0.000e+00 0.000e+00 4.188e-08
3.043606e-01 0.000e+00 0.000e+00 0.000e+00 4.505e-08
3.264204e-01 0.000e+00 0.000e+00 0.000e+00 4.869e-08
3.500791e-01 0.000e+00 0.000e+00 0.000e+00 5.369e-08
3.754526e-01 0.000e+00 0.000e+00 0.000e+00 5.537e-08
4.026652e-01 0.000e+00 0.000e+00 0.000e+00 5.911e-08
4.318500e-01 0.000e+00 0.000e+00 0.000e+00 6.303e-08
4.631502e-01 0.000e+00 0.000e+00 0.000e+00 6.918e-08
4.967190e-01 0.000e+00 0.000e+00 0.000e+00 7.615e-08
5.327209e-01 0.000e+00 0.000e+00 0.000e+00 7.878e-08
5.713321e-01 0.000e+00 0.000e+00 0.000e+00 8.263e-08
6.127419e-01 0.000e+00 0.000e+00 0.000e+00 8.958e-08
6.571530e-01 0.000e+00 0.000e+00 0.000e+00 9.826e-08
7.047830e-01 0.000e+00 0.000e+00 0.000e+00 1.025e-07
7.558652e-01 0.000e+00 0.000e+00 0.000e+00 1.098e-07
8.106497e-01 0.000e+00 0.000e+00 0.000e+00 1.170e-07
8.694051e-01 0.000e+00 0.000e+00 0.000e+00 1.274e-07
9.324189e-01 0.000e+00 0.000e+00 0.000e+00 1.401e-07
1.000000e+00 0.000e+00 0.000e+00 0.000e+00 1.876e-02
