0.010000	0.005384
4.017996	7.176307
8.025992	16.462207
12.033988	26.765852
16.041984	37.791949
20.049980	49.388555
24.057976	61.461124
28.065972	73.940324
32.073968	85.873734
36.081964	96.640017
40.089960	106.373932
44.097956	115.211976
48.105952	123.278424
52.113948	130.681473
56.121944	137.513438
60.129940	143.852399
64.137936	149.764215
68.145932	155.304467
72.153928	160.520172
76.161924	165.451239
80.169920	170.131674
84.177916	174.590579
88.185912	178.852960
92.193908	182.940401
96.201904	186.871607
100.209900	190.662856
104.217896	194.328366
108.225892	197.880607
112.233888	201.330550
116.241884	204.687885
120.249880	207.961196
124.257876	211.158111
128.265872	214.285432
132.273868	217.332115
136.281864	220.282760
140.289860	223.142834
144.297856	225.917453
148.305852	228.611361
152.313848	231.228965
156.321844	233.774362
160.329840	236.251368
164.337836	238.663541
168.345832	241.014203
172.353828	243.306458
176.361824	245.543212
180.369820	247.727184
184.377816	249.860925
188.385812	251.946831
192.393808	253.987148
196.401804	255.983993
200.409800	257.939355
204.417796	259.855109
208.425792	261.733021
212.433788	263.574759
216.441784	265.381897
220.449780	267.155921
224.457776	268.898239
228.465772	270.610181
232.473768	272.293007
236.481764	273.947912
240.489760	275.576028
244.497756	277.178429
248.505752	278.756136
252.513747	280.310118
256.521743	281.841296
260.529739	283.350546
264.537735	284.838703
268.545731	286.306560
272.553727	287.754874
276.561723	289.184367
280.569719	290.595727
284.577715	291.989610
288.585711	293.366643
292.593707	294.727425
296.601703	296.072527
300.609699	297.402498
304.617695	298.717860
308.625691	300.019115
312.633687	301.305209
316.641683	302.573878
320.649679	303.825533
324.657675	305.060624
328.665671	306.279585
332.673667	307.482834
336.681663	308.670777
340.689659	309.843806
344.697655	311.002298
348.705651	312.146619
352.713647	313.277124
356.721643	314.394155
360.729639	315.498043
364.737635	316.589110
368.745631	317.667667
372.753627	318.734013
376.761623	319.788442
380.769619	320.831235
384.777615	321.862667
388.785611	322.883004
392.793607	323.892503
396.801603	324.891414
400.809599	325.879979
404.817595	326.858435
408.825591	327.827010
412.833587	328.785925
416.841583	329.735396
420.849579	330.675632
424.857575	331.606837
428.865571	332.529208
432.873567	333.442937
436.881563	334.348211
440.889559	335.245212
444.897555	336.134115
448.905551	337.015094
452.913547	337.888314
456.921543	338.753938
460.929539	339.612124
464.937535	340.463027
468.945531	341.306797
472.953527	342.143578
476.961523	342.973514
480.969519	343.796743
484.977515	344.613400
488.985511	345.423615
492.993507	346.227519
497.001503	347.025234
501.009499	347.816883
505.017495	348.602585
509.025491	349.382455
513.033487	350.156605
517.041483	350.925148
521.049479	351.688188
525.057475	352.445832
529.065471	353.198182
533.073467	353.945337
537.081463	354.687394
541.089459	355.424450
545.097455	356.156596
549.105451	356.883923
553.113447	357.606521
557.121443	358.324475
561.129439	359.037870
565.137435	359.746788
569.145431	360.451311
573.153427	361.151112
577.161423	361.845736
581.169419	362.535258
585.177415	363.219756
589.185411	363.899305
593.193407	364.573978
597.201403	365.243848
601.209399	365.908985
605.217395	366.569459
609.225391	367.225338
613.233387	367.876689
617.241383	368.523578
621.249379	369.166069
625.257375	369.804224
629.265371	370.438106
633.273367	371.067777
637.281363	371.693295
641.289359	372.314719
645.297355	372.932106
649.305351	373.545514
653.313347	374.154997
657.321343	374.760610
661.329339	375.362406
665.337335	375.960439
669.345331	376.554759
673.353327	377.145417
677.361323	377.732463
681.369319	378.315946
685.377315	378.895914
689.385311	379.472414
693.393307	380.045492
697.401303	380.615194
701.409299	381.181565
705.417295	381.744649
709.425291	382.304488
713.433287	382.861127
717.441283	383.414605
721.449279	383.964965
725.457275	384.512248
729.465271	385.056491
733.473267	385.597736
737.481263	386.136020
741.489259	386.671380
745.497255	387.203855
749.505251	387.733481
753.513246	388.260293
757.521242	388.784327
761.529238	389.305618
765.537234	389.824201
769.545230	390.340108
773.553226	390.853374
777.561222	391.364030
781.569218	391.872108
785.577214	392.377642
789.585210	392.880660
793.593206	393.381195
797.601202	393.879277
801.609198	394.374934
805.617194	394.868197
809.625190	395.359093
813.633186	395.847652
817.641182	396.333901
821.649178	396.817868
825.657174	397.299579
829.665170	397.779062
833.673166	398.256343
837.681162	398.731447
841.689158	399.204399
845.697154	399.675226
849.705150	400.143952
853.713146	400.610601
857.721142	401.075196
861.729138	401.537762
865.737134	401.998323
869.745130	402.456900
873.753126	402.913516
877.761122	403.368194
881.769118	403.820956
885.777114	404.271823
889.785110	404.720817
893.793106	405.167959
897.801102	405.613269
901.809098	406.056767
905.817094	406.498475
909.825090	406.938382
913.833086	407.376288
917.841082	407.812170
921.849078	408.246048
925.857074	408.677940
929.865070	409.107866
933.873066	409.535845
937.881062	409.961895
941.889058	410.386035
945.897054	410.808282
949.905050	411.228655
953.913046	411.647171
957.921042	412.063849
961.929038	412.478704
965.937034	412.891755
969.945030	413.303018
973.953026	413.712509
977.961022	414.120246
981.969018	414.526244
985.977014	414.930519
989.985010	415.333088
993.993006	415.733966
998.001002	416.133168
1002.008998	416.530711
1006.016994	416.926608
1010.024990	417.320874
1014.032986	417.713526
1018.040982	418.104576
1022.048978	418.494041
1026.056974	418.881933
1030.064970	419.268267
1034.072966	419.653056
1038.080962	420.036316
1042.088958	420.418058
1046.096954	420.798298
1050.104950	421.177047
1054.112946	421.554319
1058.120942	421.930127
1062.128938	422.304484
1066.136934	422.677403
1070.144930	423.048896
1074.152926	423.418975
1078.160922	423.787653
1082.168918	424.154942
1086.176914	424.520854
1090.184910	424.885401
1094.192906	425.248594
1098.200902	425.610446
1102.208898	425.970967
1106.216894	426.330168
1110.224890	426.688062
1114.232886	427.044659
1118.240882	427.399971
1122.248878	427.754007
1126.256874	428.106779
1130.264870	428.458298
1134.272866	428.808573
1138.280862	429.157616
1142.288858	429.505436
1146.296854	429.852044
1150.304850	430.197450
1154.312846	430.541663
1158.320842	430.884694
1162.328838	431.226552
1166.336834	431.567248
1170.344830	431.906789
1174.352826	432.245187
1178.360822	432.582450
1182.368818	432.918587
1186.376814	433.253608
1190.384810	433.587522
1194.392806	433.920337
1198.400802	434.252063
1202.408798	434.582708
1206.416794	434.912281
1210.424790	435.240791
1214.432786	435.568245
1218.440782	435.894653
1222.448778	436.220023
1226.456774	436.544362
1230.464770	436.867680
1234.472766	437.189984
1238.480762	437.511282
1242.488758	437.831582
1246.496754	438.150892
1250.504749	438.469220
1254.512745	438.786573
1258.520741	439.102959
1262.528737	439.418385
1266.536733	439.732860
1270.544729	440.046389
1274.552725	440.358982
1278.560721	440.670644
1282.568717	440.981383
1286.576713	441.291206
1290.584709	441.600120
1294.592705	441.908132
1298.600701	442.215249
1302.608697	442.521478
1306.616693	442.826825
1310.624689	443.131298
1314.632685	443.434902
1318.640681	443.737644
1322.648677	444.039531
1326.656673	444.340539
1330.664669	444.640594
1334.672665	444.939700
1338.680661	445.237862
1342.688657	445.535088
1346.696653	445.831384
1350.704649	446.126755
1354.712645	446.421208
1358.720641	446.714749
1362.728637	447.007384
1366.736633	447.299120
1370.744629	447.589961
1374.752625	447.879915
1378.760621	448.168986
1382.768617	448.457181
1386.776613	448.744505
1390.784609	449.030964
1394.792605	449.316565
1398.800601	449.601311
1402.808597	449.885209
1406.816593	450.168265
1410.824589	450.450484
1414.832585	450.731871
1418.840581	451.012432
1422.848577	451.292171
1426.856573	451.571095
1430.864569	451.849209
1434.872565	452.126517
1438.880561	452.403025
1442.888557	452.678738
1446.896553	452.953662
1450.904549	453.227800
1454.912545	453.501158
1458.920541	453.773742
1462.928537	454.045555
1466.936533	454.316603
1470.944529	454.586891
1474.952525	454.856423
1478.960521	455.125204
1482.968517	455.393239
1486.976513	455.660533
1490.984509	455.927090
1494.992505	456.192914
1499.000501	456.458011
1503.008497	456.722384
1507.016493	456.986039
1511.024489	457.248980
1515.032485	457.511210
1519.040481	457.772735
1523.048477	458.033560
1527.056473	458.293687
1531.064469	458.553121
1535.072465	458.811867
1539.080461	459.069930
1543.088457	459.327312
1547.096453	459.584018
1551.104449	459.840053
1555.112445	460.095419
1559.120441	460.350123
1563.128437	460.604166
1567.136433	460.857554
1571.144429	461.110291
1575.152425	461.362379
1579.160421	461.613824
1583.168417	461.864629
1587.176413	462.114797
1591.184409	462.364333
1595.192405	462.613241
1599.200401	462.861523
1603.208397	463.109185
1607.216393	463.356229
1611.224389	463.602659
1615.232385	463.848478
1619.240381	464.093691
1623.248377	464.338302
1627.256373	464.582312
1631.264369	464.825727
1635.272365	465.068548
1639.280361	465.310781
1643.288357	465.552429
1647.296353	465.793494
1651.304349	466.033980
1655.312345	466.273891
1659.320341	466.513229
1663.328337	466.751999
1667.336333	466.990203
1671.344329	467.227845
1675.352325	467.464928
1679.360321	467.701455
1683.368317	467.937430
1687.376313	468.172855
1691.384309	468.407734
1695.392305	468.642069
1699.400301	468.875864
1703.408297	469.109122
1707.416293	469.341847
1711.424289	469.574040
1715.432285	469.805705
1719.440281	470.036846
1723.448277	470.267464
1727.456273	470.497563
1731.464269	470.727146
1735.472265	470.956216
1739.480261	471.184776
1743.488257	471.412828
1747.496253	471.640375
1751.504248	471.867420
1755.512244	472.093966
1759.520240	472.320016
1763.528236	472.545573
1767.536232	472.770639
1771.544228	472.995216
1775.552224	473.219308
1779.560220	473.442918
1783.568216	473.666047
1787.576212	473.888699
1791.584208	474.110876
1795.592204	474.332581
1799.600200	474.553817
1803.608196	474.774585
1807.616192	474.994889
1811.624188	475.214731
1815.632184	475.434113
1819.640180	475.653003
1823.648176	475.871387
1827.656172	476.089268
1831.664168	476.306648
1835.672164	476.523530
1839.680160	476.739916
1843.688156	476.955809
1847.696152	477.171211
1851.704148	477.386125
1855.712144	477.600552
1859.720140	477.814496
1863.728136	478.027958
1867.736132	478.240942
1871.744128	478.453448
1875.752124	478.665481
1879.760120	478.877041
1883.768116	479.088132
1887.776112	479.298755
1891.784108	479.508913
1895.792104	479.718608
1899.800100	479.927842
1903.808096	480.136618
1907.816092	480.344937
1911.824088	480.552802
1915.832084	480.760216
1919.840080	480.967180
1923.848076	481.173696
1927.856072	481.379767
1931.864068	481.585394
1935.872064	481.790580
1939.880060	481.995327
1943.888056	482.199637
1947.896052	482.403512
1951.904048	482.606954
1955.912044	482.809966
1959.920040	483.012548
1963.928036	483.214704
1967.936032	483.416435
1971.944028	483.617743
1975.952024	483.818631
1979.960020	484.019099
1983.968016	484.219151
1987.976012	484.418788
1991.984008	484.618012
1995.992004	484.816824
2000.000000	485.015228
